subject_ID	trial_num	left	right	chose	left0right1
219	1	4	5	5	1
219	2	1	3	3	1
219	3	2	6	6	1
219	4	4	2	4	0
219	5	1	6	6	1
219	6	6	3	6	0
219	7	5	6	6	1
219	8	3	5	5	1
219	9	5	2	5	0
219	10	2	3	2	0
219	11	1	4	4	1
219	12	2	1	2	0
219	13	4	6	6	1
219	14	1	5	5	1
219	15	3	4	4	1
219	16	4	1	1	1
219	17	2	4	4	1
219	18	6	3	6	0
219	19	1	6	6	1
219	20	3	1	1	1
219	21	4	6	6	1
219	22	6	5	6	0
219	23	5	4	5	0
219	24	2	3	3	1
219	25	3	5	5	1
219	26	4	3	4	0
219	27	5	2	5	0
219	28	2	1	1	1
219	29	6	2	6	0
219	30	5	1	1	1
219	31	5	1	1	1
219	32	4	6	6	1
219	33	1	4	1	0
219	34	6	5	6	0
219	35	2	1	1	1
219	36	3	2	2	1
219	37	2	4	4	1
219	38	1	6	6	1
219	39	6	3	6	0
219	40	5	2	5	0
219	41	3	1	1	1
219	42	5	3	5	0
219	43	4	5	5	1
219	44	6	2	6	0
219	45	4	3	4	0
220	1	3	6	3	0
220	2	1	2	1	0
220	3	4	5	5	1
220	4	3	4	3	0
220	5	1	6	1	0
220	6	6	4	6	0
220	7	2	6	2	0
220	8	1	4	1	0
220	9	3	1	1	1
220	10	5	6	5	0
220	11	2	5	2	0
220	12	5	3	3	1
220	13	1	5	1	0
220	14	2	4	2	0
220	15	3	2	3	0
220	16	1	5	1	0
220	17	5	2	2	1
220	18	1	6	1	0
220	19	4	5	5	1
220	20	6	4	6	0
220	21	2	6	2	0
220	22	1	4	1	0
220	23	3	6	3	0
220	24	5	3	3	1
220	25	3	2	3	0
220	26	2	1	2	0
220	27	4	2	2	1
220	28	5	6	5	0
220	29	3	4	3	0
220	30	1	3	3	1
220	31	3	4	3	0
220	32	2	1	2	0
220	33	1	4	1	0
220	34	5	2	2	1
220	35	3	5	3	0
220	36	1	3	3	1
220	37	2	6	2	0
220	38	4	2	2	1
220	39	1	6	1	0
220	40	3	2	3	0
220	41	1	5	1	0
220	42	6	4	6	0
220	43	5	6	6	1
220	44	4	5	5	1
220	45	3	6	3	0
221	1	4	6	6	1
221	2	1	2	2	1
221	3	3	5	5	1
221	4	5	6	6	1
221	5	4	5	4	0
221	6	3	4	4	1
221	7	1	5	5	1
221	8	2	4	2	0
221	9	5	2	2	1
221	10	3	6	6	1
221	11	2	3	2	0
221	12	1	6	6	1
221	13	3	1	1	1
221	14	2	6	2	0
221	15	1	4	4	1
221	16	4	2	2	1
221	17	6	4	4	1
221	18	5	2	2	1
221	19	3	1	1	1
221	20	1	4	4	1
221	21	2	6	2	0
221	22	3	2	2	1
221	23	1	6	6	1
221	24	2	1	2	0
221	25	3	4	4	1
221	26	5	3	5	0
221	27	1	5	5	1
221	28	5	4	4	1
221	29	6	5	6	0
221	30	6	3	6	0
221	31	6	3	6	0
221	32	1	6	6	1
221	33	5	2	2	1
221	34	6	4	4	1
221	35	4	3	4	0
221	36	3	5	5	1
221	37	2	1	2	0
221	38	1	5	5	1
221	39	3	2	2	1
221	40	2	6	2	0
221	41	1	4	4	1
221	42	6	5	6	0
221	43	5	4	4	1
221	44	4	2	2	1
221	45	3	1	1	1
222	1	4	6	4	0
222	2	1	2	2	1
222	3	3	5	3	0
222	4	5	6	6	1
222	5	4	5	4	0
222	6	3	4	4	1
222	7	1	5	1	0
222	9	5	2	2	1
222	10	3	6	6	1
222	11	2	3	2	0
222	12	1	6	6	1
222	13	3	1	1	1
222	14	2	6	2	0
222	15	1	4	4	1
222	16	4	2	2	1
222	17	6	4	4	1
222	18	5	2	2	1
222	19	3	1	1	1
222	20	1	4	4	1
222	21	2	6	6	1
222	22	3	2	2	1
222	23	1	6	6	1
222	24	2	1	2	0
222	25	3	4	4	1
222	26	5	3	5	0
222	27	1	5	1	0
222	28	5	4	4	1
222	29	6	5	6	0
222	30	6	3	6	0
222	31	6	3	6	0
222	32	1	6	6	1
222	33	5	2	2	1
222	34	6	4	4	1
222	35	4	3	4	0
222	36	3	5	3	0
222	37	2	1	2	0
222	38	1	5	5	1
222	39	3	2	2	1
222	40	2	6	6	1
222	41	1	4	4	1
222	42	6	5	6	0
222	43	5	4	4	1
222	44	4	2	4	0
222	45	3	1	3	0
223	1	3	4	3	0
223	2	1	2	1	0
223	3	5	6	5	0
223	4	6	4	4	1
223	5	1	5	1	0
223	6	2	4	2	0
223	7	3	6	3	0
223	8	6	1	1	1
223	9	3	5	3	0
223	10	5	4	5	0
223	11	1	3	3	1
223	12	4	1	1	1
223	13	2	3	3	1
223	14	5	2	5	0
223	15	2	6	2	0
223	16	4	2	2	1
223	17	6	1	1	1
223	18	2	6	2	0
223	19	3	2	3	0
223	20	4	1	1	1
223	21	3	5	3	0
223	22	5	2	2	1
223	23	6	5	5	1
223	24	4	6	4	0
223	25	1	5	5	1
223	26	5	4	5	0
223	27	1	2	2	1
223	28	3	6	3	0
223	29	1	3	3	1
223	30	3	4	3	0
223	31	1	3	3	1
223	32	6	1	1	1
223	33	3	6	3	0
223	34	6	2	2	1
223	35	5	4	5	0
223	36	3	5	3	0
223	37	1	2	2	1
223	38	4	6	4	0
223	39	2	4	2	0
223	40	4	1	1	1
223	41	6	5	5	1
223	42	3	2	3	0
223	43	4	3	3	1
223	44	1	5	5	1
223	45	5	2	2	1
224	1	3	5	3	0
224	2	1	6	6	1
224	3	2	4	4	1
224	4	4	6	6	1
224	5	5	4	5	0
224	6	1	5	5	1
224	7	5	2	5	0
224	8	2	6	6	1
224	9	1	4	1	0
224	10	3	1	3	0
224	11	5	6	5	0
224	12	2	3	3	1
224	13	3	6	3	0
224	14	4	3	3	1
224	15	1	2	1	0
224	16	4	3	3	1
224	17	6	4	6	0
224	18	4	5	5	1
224	19	2	6	6	1
224	20	3	1	3	0
224	21	1	4	1	0
224	22	2	3	3	1
224	23	1	6	6	1
224	24	6	5	5	1
224	25	5	3	3	1
224	26	1	2	1	0
224	27	3	6	3	0
224	28	5	2	5	0
224	29	2	4	4	1
224	30	1	5	5	1
224	31	4	1	1	1
224	32	2	4	4	1
224	33	6	2	6	0
224	34	3	6	3	0
224	35	5	2	5	0
224	36	3	1	3	0
224	37	4	3	3	1
224	38	1	2	1	0
224	39	5	3	3	1
224	40	1	5	5	1
224	41	5	6	5	0
224	42	6	4	6	0
224	43	4	5	5	1
224	44	2	3	3	1
224	45	1	6	6	1
225	1	2	3	2	0
225	2	1	4	4	1
225	3	5	6	5	0
225	4	1	2	2	1
225	5	4	5	4	0
225	6	2	4	2	0
225	7	3	6	3	0
225	8	6	4	6	0
225	9	4	3	3	1
225	10	1	5	1	0
225	11	3	1	1	1
225	12	2	5	2	0
225	13	1	6	1	0
225	14	6	2	2	1
225	15	5	3	3	1
225	16	5	3	3	1
225	17	3	6	3	0
225	18	1	2	2	1
225	19	3	1	1	1
225	20	6	2	2	1
225	21	4	6	6	1
225	22	2	5	2	0
225	23	4	2	2	1
225	24	5	6	5	0
225	25	1	5	1	0
225	26	5	4	5	0
225	27	4	3	3	1
225	28	1	4	1	0
225	29	2	3	2	0
225	30	1	6	1	0
225	31	2	3	2	0
225	32	3	5	3	0
225	33	5	2	5	0
225	34	2	1	2	0
225	35	5	6	5	0
225	36	1	4	1	0
225	37	4	2	2	1
225	38	3	6	3	0
225	39	5	4	5	0
225	40	4	6	6	1
225	41	3	1	1	1
225	42	1	5	1	0
225	43	6	2	2	1
225	44	4	3	3	1
225	45	1	6	1	0
226	1	4	6	6	1
226	2	1	5	1	0
226	3	2	3	2	0
226	4	6	2	6	0
226	5	3	4	3	0
226	6	2	5	2	0
226	7	5	6	6	1
226	8	1	3	1	0
226	9	3	6	6	1
226	10	1	2	1	0
226	11	4	5	5	1
226	12	2	4	2	0
226	13	1	6	1	0
226	14	4	1	1	1
226	15	3	5	3	0
226	16	4	1	1	1
226	17	5	4	5	0
226	18	3	6	6	1
226	19	2	5	2	0
226	20	4	2	2	1
226	21	3	4	3	0
226	22	1	3	1	0
226	23	5	1	1	1
226	24	3	5	3	0
226	25	1	6	1	0
226	26	6	2	2	1
226	27	2	3	2	0
226	28	1	2	1	0
226	29	4	6	6	1
226	30	6	5	6	0
226	31	3	4	3	0
226	32	4	2	2	1
226	33	2	5	2	0
226	34	5	3	3	1
226	35	4	5	5	1
226	36	1	2	1	0
226	37	2	6	2	0
226	38	6	4	6	0
226	39	5	6	6	1
226	40	2	3	2	0
226	41	3	1	1	1
226	42	1	6	1	0
226	43	5	1	1	1
226	44	1	4	1	0
226	45	3	6	6	1
227	2	1	3	1	0
227	3	2	6	6	1
227	4	4	2	4	0
227	5	1	6	6	1
227	6	6	3	6	0
227	7	5	6	6	1
227	8	3	5	5	1
227	9	5	2	5	0
227	10	2	3	3	1
227	11	1	4	4	1
227	12	2	1	1	1
227	13	4	6	4	0
227	14	1	5	5	1
227	15	3	4	4	1
227	16	4	1	4	0
227	17	2	4	4	1
227	18	6	3	6	0
227	19	1	6	6	1
227	20	3	1	1	1
227	21	4	6	6	1
227	23	5	4	5	0
227	24	2	3	3	1
227	25	3	5	5	1
227	26	4	3	4	0
227	27	5	2	5	0
227	28	2	1	1	1
227	29	6	2	6	0
227	30	5	1	5	0
227	31	5	1	5	0
227	32	4	6	6	1
227	33	1	4	4	1
227	34	6	5	6	0
227	35	2	1	1	1
227	36	3	2	3	0
227	37	2	4	4	1
227	38	1	6	6	1
227	39	6	3	6	0
227	40	5	2	5	0
227	41	3	1	3	0
227	42	5	3	5	0
227	43	4	5	5	1
227	44	6	2	6	0
227	45	4	3	4	0
228	2	1	2	1	0
228	3	4	6	6	1
228	4	1	3	1	0
228	5	2	5	5	1
228	6	5	4	5	0
228	7	1	6	1	0
228	8	2	4	4	1
228	9	4	1	1	1
228	10	3	6	6	1
228	11	4	3	3	1
228	12	5	6	5	0
228	13	6	2	6	0
228	14	1	5	1	0
228	15	2	3	3	1
228	16	1	2	1	0
228	17	3	1	1	1
228	18	4	3	3	1
228	19	2	4	4	1
228	20	1	5	1	0
228	21	3	6	6	1
228	22	6	5	6	0
228	23	1	6	1	0
228	24	6	4	6	0
228	25	3	5	5	1
228	26	5	4	5	0
228	27	2	5	5	1
228	28	6	2	6	0
228	29	2	3	3	1
228	30	4	1	1	1
228	31	3	6	6	1
228	32	2	4	2	0
228	33	6	2	6	0
228	34	2	1	1	1
228	35	5	4	5	0
228	36	6	5	6	0
228	37	2	3	3	1
228	38	5	2	5	0
228	39	6	4	6	0
228	40	1	5	1	0
228	41	4	3	3	1
228	42	3	1	1	1
228	43	1	4	1	0
228	44	3	5	5	1
228	45	1	6	1	0
229	1	3	5	3	0
229	2	1	2	1	0
229	3	4	6	6	1
229	4	6	1	1	1
229	5	2	6	6	1
229	6	6	3	3	1
229	7	1	5	1	0
229	8	2	4	4	1
229	9	4	5	4	0
229	11	4	1	1	1
229	12	2	5	5	1
229	13	3	4	3	0
229	14	2	3	3	1
229	15	5	6	6	1
229	16	6	4	6	0
229	17	2	5	5	1
229	18	3	2	3	0
229	19	6	1	1	1
229	20	4	5	5	1
229	21	2	6	6	1
229	22	1	2	1	0
229	23	6	3	3	1
229	24	1	5	1	0
229	25	5	6	6	1
229	26	2	4	4	1
229	27	4	1	1	1
229	28	3	4	3	0
229	29	5	3	3	1
229	30	3	1	1	1
229	31	5	6	6	1
229	32	6	3	3	1
229	33	4	5	5	1
229	34	2	4	4	1
229	35	4	6	6	1
229	36	3	2	3	0
229	37	2	6	6	1
229	38	1	5	1	0
229	39	6	1	1	1
229	40	1	2	1	0
229	41	5	3	3	1
229	42	4	1	1	1
229	43	3	4	3	0
229	44	1	3	1	0
229	45	2	5	5	1
230	1	5	6	6	1
230	2	1	2	1	0
230	3	3	4	3	0
230	4	1	3	1	0
230	5	4	6	6	1
230	6	1	4	1	0
230	7	2	5	5	1
230	8	4	2	2	1
230	9	1	5	5	1
230	10	3	6	6	1
230	11	6	2	6	0
230	12	1	6	6	1
230	13	3	5	5	1
230	14	5	4	5	0
230	15	2	3	3	1
230	16	4	6	6	1
230	17	5	4	5	0
230	18	6	2	6	0
230	20	5	2	2	1
230	21	3	5	5	1
230	22	5	1	5	0
230	23	6	5	6	0
230	24	1	3	1	0
230	25	3	4	3	0
230	26	4	2	2	1
230	27	1	4	1	0
230	28	3	6	6	1
230	29	1	2	1	0
230	30	6	1	6	0
230	31	3	6	6	1
230	32	2	3	3	1
230	33	5	2	5	0
230	34	1	3	1	0
230	35	4	2	2	1
230	36	6	5	6	0
230	37	2	6	6	1
230	38	1	4	1	0
230	39	5	1	5	0
230	40	1	6	6	1
230	41	3	4	3	0
230	42	1	2	1	0
230	43	5	4	5	0
230	44	4	6	6	1
230	45	3	5	5	1
231	1	5	6	5	0
231	2	1	4	1	0
231	3	2	3	3	1
231	4	1	6	1	0
231	5	2	4	2	0
231	6	1	3	3	1
231	7	2	6	6	1
231	8	3	5	5	1
231	9	5	1	5	0
231	10	4	5	5	1
231	11	5	2	5	0
231	12	2	1	1	1
231	13	3	4	3	0
231	14	4	6	6	1
231	15	6	3	3	1
231	16	3	4	3	0
231	17	4	5	5	1
231	18	2	4	2	0
231	19	4	1	4	0
231	20	2	3	3	1
231	21	5	1	5	0
231	22	1	2	2	1
231	23	6	1	1	1
231	24	3	5	5	1
231	25	5	2	5	0
231	26	2	6	6	1
231	27	6	3	6	0
231	28	5	6	5	0
231	29	6	4	4	1
231	30	1	3	3	1
231	31	4	1	1	1
231	32	2	4	2	0
231	33	6	1	6	0
231	34	1	5	5	1
231	35	5	3	3	1
231	36	6	4	6	0
231	37	1	2	1	0
231	38	3	4	3	0
231	39	4	5	5	1
231	40	5	6	5	0
231	41	2	3	3	1
231	42	3	1	3	0
231	43	5	2	5	0
231	44	6	3	3	1
231	45	2	6	6	1
232	1	4	5	5	1
232	2	1	6	6	1
232	3	2	3	3	1
232	4	1	5	5	1
232	5	4	6	6	1
232	6	1	2	1	0
232	7	5	6	6	1
232	8	6	3	6	0
232	9	2	6	6	1
232	10	4	2	2	1
232	11	1	4	1	0
232	12	4	3	3	1
232	13	3	5	5	1
232	14	1	3	1	0
232	15	2	5	5	1
232	16	6	3	6	0
232	17	1	2	1	0
232	18	4	3	3	1
232	19	5	4	5	0
232	20	1	6	1	0
232	21	2	3	3	1
232	22	3	1	1	1
232	23	2	6	6	1
232	24	1	5	1	0
232	25	5	2	5	0
232	26	6	5	5	1
232	27	4	6	6	1
232	28	1	4	1	0
232	29	4	2	2	1
232	30	3	5	5	1
232	31	1	4	1	0
232	32	6	5	5	1
232	33	5	3	5	0
232	34	4	6	6	1
232	35	6	2	6	0
232	36	1	6	1	0
232	37	6	3	6	0
232	38	1	2	1	0
232	39	5	1	1	1
232	40	1	3	1	0
232	41	5	4	5	0
232	42	2	3	3	1
232	43	4	2	2	1
232	44	3	4	3	0
232	45	5	2	5	0
233	1	5	6	6	1
233	2	1	2	1	0
233	3	3	4	4	1
233	4	4	6	6	1
233	5	2	5	2	0
233	6	5	1	1	1
233	7	1	6	1	0
233	8	6	3	6	0
233	9	2	4	4	1
233	10	3	2	3	0
233	11	4	5	4	0
233	12	1	4	1	0
233	13	2	6	6	1
233	14	1	3	3	1
233	15	3	5	3	0
233	16	5	4	4	1
233	17	3	5	3	0
233	18	6	3	6	0
233	19	3	1	1	1
233	20	1	5	1	0
233	21	4	1	1	1
233	22	6	4	6	0
233	23	4	2	4	0
233	24	1	6	6	1
233	25	3	4	3	0
233	26	2	5	5	1
233	27	1	2	1	0
233	28	5	6	6	1
233	29	3	2	3	0
233	30	2	6	6	1
233	31	6	4	6	0
233	32	5	6	6	1
233	33	4	5	4	0
233	34	1	4	1	0
233	35	2	6	6	1
233	36	1	5	1	0
233	37	3	2	2	1
233	38	4	3	4	0
233	39	1	6	6	1
233	40	6	3	6	0
233	41	3	5	3	0
233	42	1	2	1	0
233	43	3	1	1	1
233	44	2	5	5	1
233	45	4	2	4	0
234	1	4	6	6	1
234	2	1	5	1	0
234	3	2	3	3	1
234	4	6	2	6	0
234	5	1	3	1	0
234	6	2	5	2	0
234	7	3	6	6	1
234	8	4	3	3	1
234	9	5	6	6	1
234	10	6	1	6	0
234	11	3	5	3	0
234	12	1	4	1	0
234	13	2	1	1	1
234	15	5	4	4	1
234	16	4	1	1	1
234	17	6	4	6	0
234	18	1	6	1	0
234	19	6	5	6	0
234	20	4	2	2	1
234	21	1	3	1	0
234	22	3	6	6	1
234	23	2	3	2	0
234	24	1	5	1	0
234	25	2	1	1	1
234	26	5	4	5	0
234	27	3	5	3	0
234	28	4	3	3	1
234	29	2	5	2	0
234	30	6	2	6	0
234	31	2	5	5	1
234	32	5	1	1	1
234	33	3	5	3	0
234	34	4	1	1	1
234	35	6	4	6	0
234	36	3	6	6	1
234	37	1	3	1	0
234	38	2	1	1	1
234	39	6	5	6	0
234	40	2	6	6	1
234	41	4	3	3	1
234	42	1	6	1	0
234	43	4	2	2	1
234	44	5	4	5	0
234	45	2	3	3	1
235	1	4	5	5	1
235	2	1	6	6	1
235	3	2	3	3	1
235	4	3	4	3	0
235	5	2	6	6	1
235	6	1	3	3	1
235	7	5	6	5	0
235	8	3	5	5	1
235	9	6	3	3	1
235	10	1	5	5	1
235	11	4	1	4	0
235	12	6	4	4	1
235	13	2	5	5	1
235	14	4	2	4	0
235	15	2	1	1	1
235	16	1	6	6	1
235	17	3	1	3	0
235	18	5	6	5	0
235	19	4	5	5	1
235	20	2	4	4	1
235	21	3	2	3	0
235	22	6	3	6	0
235	23	3	5	5	1
235	24	4	3	4	0
235	25	6	4	4	1
235	26	2	5	5	1
235	27	1	2	2	1
235	28	5	1	1	1
235	29	1	4	4	1
235	30	2	6	6	1
235	31	3	1	1	1
235	32	2	3	3	1
235	33	6	2	2	1
235	34	2	5	2	0
235	35	4	3	4	0
235	36	6	4	6	0
235	37	4	5	5	1
235	38	5	1	5	0
235	39	1	2	2	1
235	40	5	6	6	1
235	41	3	5	5	1
235	42	6	3	6	0
235	43	1	6	6	1
235	44	4	1	4	0
235	45	2	4	4	1
236	1	2	4	2	0
236	2	1	5	1	0
236	3	3	6	3	0
236	4	1	2	2	1
236	5	3	5	3	0
236	6	5	4	4	1
236	7	1	3	3	1
236	8	4	6	4	0
236	10	2	3	2	0
236	11	5	6	5	0
236	12	6	1	1	1
236	13	2	5	2	0
236	14	3	4	3	0
236	15	2	6	2	0
236	16	5	2	2	1
236	17	6	5	5	1
236	18	1	3	1	0
236	19	6	1	1	1
236	20	3	5	3	0
236	21	4	3	3	1
236	22	3	2	2	1
236	23	5	4	4	1
236	24	4	6	4	0
236	25	6	2	2	1
236	26	1	5	1	0
236	27	4	1	1	1
236	28	1	2	2	1
236	29	2	4	2	0
236	30	3	6	3	0
236	31	4	1	1	1
236	32	1	3	1	0
236	33	2	4	2	0
236	34	6	1	1	1
236	35	4	3	3	1
236	36	3	5	3	0
236	37	6	2	2	1
236	38	1	5	1	0
236	39	2	1	2	0
236	40	5	4	4	1
236	41	2	5	2	0
236	42	3	2	2	1
236	43	4	6	4	0
236	44	6	5	5	1
236	45	3	6	3	0
237	1	2	5	5	1
237	2	1	3	3	1
237	3	4	6	6	1
237	4	6	3	3	1
237	5	2	6	6	1
237	6	6	1	1	1
237	7	4	5	5	1
237	8	3	4	3	0
237	9	1	5	5	1
237	10	4	1	1	1
237	11	2	3	3	1
237	12	1	2	1	0
237	13	3	5	5	1
237	14	2	4	4	1
237	15	5	6	5	0
237	16	3	4	3	0
237	17	2	5	5	1
237	18	1	2	1	0
237	19	2	4	4	1
237	20	4	1	1	1
237	21	1	6	6	1
237	22	5	1	5	0
237	23	4	5	5	1
237	24	2	3	3	1
237	25	3	1	3	0
237	26	5	6	5	0
237	27	6	4	6	0
237	28	3	6	3	0
237	29	5	3	5	0
237	30	2	6	6	1
237	31	6	1	6	0
237	32	3	4	3	0
237	33	1	2	1	0
237	34	2	3	3	1
237	35	6	4	6	0
237	37	5	4	5	0
237	38	3	5	5	1
237	39	5	2	5	0
237	40	6	5	5	1
237	41	3	6	6	1
237	42	5	1	5	0
237	43	2	6	6	1
237	44	4	1	1	1
237	45	1	3	3	1
238	1	2	5	5	1
238	2	1	4	1	0
238	3	3	6	3	0
238	4	5	3	3	1
238	5	3	4	3	0
238	6	4	6	4	0
238	7	5	4	5	0
238	8	1	6	1	0
238	9	2	3	3	1
238	10	5	6	5	0
238	11	1	2	1	0
238	12	2	4	2	0
238	13	6	2	2	1
238	14	1	5	1	0
238	15	3	1	1	1
238	16	1	5	1	0
238	17	2	1	1	1
238	18	3	2	3	0
238	19	4	3	3	1
238	20	6	4	4	1
238	21	2	5	2	0
238	22	1	6	1	0
238	23	4	1	1	1
238	24	2	4	2	0
238	25	3	6	3	0
238	26	6	2	2	1
238	27	3	1	1	1
238	28	5	6	5	0
238	29	4	5	5	1
238	30	5	3	3	1
238	31	4	1	1	1
238	32	5	6	5	0
238	33	6	1	1	1
238	34	5	3	3	1
238	35	3	2	3	0
238	36	4	5	4	0
238	37	3	4	4	1
238	38	4	6	4	0
238	39	6	2	2	1
238	40	2	1	1	1
238	41	4	2	2	1
238	42	3	1	1	1
238	43	2	5	2	0
238	44	3	6	3	0
238	45	1	5	1	0
239	1	3	4	3	0
239	2	1	2	1	0
239	3	5	6	6	1
239	4	2	4	4	1
239	5	4	1	1	1
239	6	1	3	3	1
239	7	2	5	2	0
239	8	5	3	3	1
239	9	3	6	6	1
239	10	6	1	1	1
239	11	4	5	4	0
239	12	2	6	6	1
239	13	1	5	1	0
239	14	2	3	3	1
239	15	4	6	6	1
239	16	1	2	1	0
239	17	4	5	4	0
239	18	1	4	1	0
239	19	5	3	3	1
239	20	3	6	6	1
239	21	2	3	3	1
239	22	1	5	1	0
239	23	4	6	6	1
239	24	1	3	1	0
239	25	2	4	4	1
239	26	6	1	6	0
239	27	3	4	3	0
239	28	5	6	6	1
239	29	2	5	2	0
239	30	6	2	6	0
239	31	2	3	3	1
239	32	3	5	3	0
239	33	1	2	1	0
239	34	5	6	6	1
239	35	1	3	1	0
239	36	2	4	4	1
239	37	6	1	6	0
239	38	1	4	1	0
239	39	4	5	4	0
239	40	6	4	6	0
239	41	1	5	1	0
239	42	3	6	6	1
239	43	2	5	2	0
239	44	3	4	3	0
239	45	6	2	6	0
240	1	5	6	6	1
240	2	1	2	2	1
240	3	3	4	3	0
240	4	4	1	1	1
240	5	1	3	3	1
240	6	2	6	6	1
240	7	5	2	2	1
240	8	2	3	3	1
240	9	1	5	1	0
240	10	3	6	6	1
240	11	5	3	3	1
240	12	4	5	4	0
240	13	6	4	6	0
240	14	1	6	6	1
240	15	2	4	2	0
240	16	1	3	3	1
240	17	5	6	6	1
240	18	1	5	1	0
240	19	2	4	2	0
240	20	4	3	3	1
240	21	3	2	3	0
240	22	2	5	2	0
240	23	1	6	6	1
240	24	5	3	3	1
240	25	6	4	6	0
240	26	2	6	6	1
240	27	4	1	1	1
240	29	3	6	3	0
240	30	1	2	1	0
240	31	4	3	3	1
240	32	1	2	1	0
240	33	5	3	3	1
240	34	3	1	3	0
240	35	2	3	3	1
240	36	1	6	6	1
240	37	5	1	1	1
240	38	2	5	2	0
240	39	5	6	6	1
240	40	2	4	2	0
240	41	3	6	6	1
240	42	6	2	6	0
240	43	4	1	1	1
240	44	6	4	6	0
240	45	4	5	5	1
241	1	2	5	2	0
241	2	1	6	1	0
241	3	3	4	4	1
241	4	6	3	6	0
241	5	3	1	1	1
241	6	4	5	4	0
241	7	1	4	1	0
241	8	2	1	1	1
241	9	3	2	2	1
241	10	5	6	6	1
241	11	2	4	2	0
241	12	1	5	1	0
241	13	5	3	3	1
241	14	4	6	4	0
241	15	2	6	2	0
241	16	2	6	2	0
241	17	1	2	1	0
241	18	4	6	4	0
241	19	5	3	3	1
241	20	2	4	2	0
241	21	1	5	1	0
241	22	4	1	1	1
241	23	5	6	5	0
241	24	3	1	1	1
241	25	4	5	4	0
241	26	6	3	6	0
241	27	3	2	2	1
241	28	4	3	4	0
241	29	1	6	1	0
241	30	2	5	2	0
241	31	5	3	5	0
241	32	2	5	2	0
241	33	4	2	2	1
241	34	6	3	6	0
241	35	3	2	2	1
241	36	4	3	4	0
241	37	1	5	1	0
241	38	4	1	1	1
241	39	6	4	4	1
241	40	1	6	1	0
241	41	6	2	2	1
241	42	4	5	5	1
241	43	3	1	1	1
241	44	5	6	5	0
241	45	1	2	1	0
242	1	5	6	5	0
242	2	1	2	1	0
242	3	3	4	3	0
242	4	2	5	5	1
242	5	1	6	1	0
242	6	2	3	3	1
242	7	1	4	1	0
242	8	4	5	5	1
242	9	5	1	1	1
242	10	3	6	3	0
242	11	2	4	2	0
242	12	6	2	2	1
242	13	4	6	6	1
242	14	1	3	1	0
242	15	3	5	5	1
242	16	2	4	2	0
242	17	5	6	5	0
242	18	6	2	2	1
242	19	4	5	5	1
242	20	3	4	3	0
242	21	2	5	2	0
242	22	1	6	1	0
242	23	4	1	1	1
242	24	6	4	6	0
242	25	5	1	1	1
242	26	2	3	2	0
242	27	1	2	2	1
242	28	3	6	3	0
242	29	1	3	1	0
242	30	5	3	3	1
242	31	5	3	3	1
242	32	1	2	2	1
242	33	3	1	1	1
242	34	6	4	6	0
242	35	4	5	5	1
242	36	5	2	2	1
242	37	3	6	3	0
242	38	2	3	2	0
242	39	4	1	1	1
242	40	5	6	5	0
242	41	2	4	2	0
242	42	1	6	1	0
242	43	5	1	1	1
242	44	6	2	2	1
242	45	3	4	3	0
243	2	1	4	1	0
243	3	3	6	3	0
243	4	6	1	1	1
243	5	3	5	3	0
243	6	2	6	6	1
243	7	1	5	1	0
243	8	2	4	2	0
243	9	4	5	5	1
243	10	1	3	1	0
243	11	3	2	3	0
243	12	5	6	6	1
243	13	1	2	1	0
243	14	4	6	6	1
243	15	3	4	3	0
243	16	1	2	1	0
243	17	2	5	5	1
243	18	3	4	3	0
243	19	2	3	2	0
243	20	4	2	2	1
243	21	2	6	2	0
243	22	6	3	3	1
243	23	3	5	3	0
243	24	5	4	5	0
243	25	6	1	1	1
243	26	5	6	6	1
243	27	1	3	1	0
243	28	4	1	1	1
243	29	1	5	1	0
243	30	4	6	6	1
243	31	3	5	3	0
243	32	5	1	1	1
243	33	1	4	1	0
243	34	2	6	2	0
243	35	6	3	6	0
243	36	3	1	1	1
243	37	4	3	3	1
243	38	2	4	2	0
243	39	1	2	1	0
243	40	2	3	3	1
243	41	5	4	5	0
243	42	6	1	1	1
243	43	5	6	6	1
243	44	2	5	2	0
243	45	4	6	6	1
244	1	4	6	6	1
244	2	1	2	1	0
244	3	3	5	3	0
244	4	2	3	3	1
244	5	1	6	1	0
244	6	6	2	6	0
244	7	1	5	1	0
244	8	3	4	4	1
244	9	1	3	1	0
244	10	5	6	6	1
244	11	2	4	4	1
244	12	4	5	4	0
244	13	5	2	2	1
244	14	3	6	3	0
244	15	1	4	1	0
244	16	5	6	6	1
244	17	1	2	1	0
244	18	4	5	4	0
244	19	6	4	4	1
244	20	4	1	1	1
244	21	3	6	6	1
244	22	5	3	3	1
244	23	6	2	2	1
244	24	1	6	1	0
244	25	5	1	1	1
244	26	1	3	1	0
244	27	3	4	3	0
244	28	5	2	2	1
244	29	2	3	3	1
244	30	4	2	2	1
244	31	5	6	6	1
244	32	1	3	1	0
244	33	3	5	3	0
244	34	1	6	1	0
244	35	2	3	3	1
244	36	1	2	1	0
244	37	3	4	4	1
244	38	6	2	2	1
244	39	2	4	4	1
244	40	4	5	5	1
244	41	6	4	4	1
244	42	5	2	2	1
244	43	1	5	1	0
244	44	3	6	3	0
244	45	4	1	1	1
245	1	5	6	5	0
245	2	1	3	3	1
245	3	2	4	2	0
245	4	5	2	2	1
245	5	4	5	5	1
245	6	2	6	2	0
245	7	6	3	3	1
245	8	1	5	1	0
245	9	3	4	3	0
245	10	2	3	3	1
245	11	1	4	1	0
245	12	3	5	3	0
245	13	1	2	2	1
245	14	6	1	1	1
245	15	4	6	6	1
245	16	5	4	5	0
245	17	1	2	1	0
245	18	2	4	2	0
245	19	4	6	6	1
245	20	6	1	1	1
245	21	3	4	3	0
245	22	4	1	1	1
245	23	2	6	2	0
245	24	3	5	5	1
245	25	5	2	2	1
245	26	1	3	3	1
245	27	5	6	5	0
245	28	1	5	1	0
245	29	6	3	3	1
245	30	3	2	3	0
245	31	5	6	5	0
245	32	3	4	3	0
245	33	1	2	1	0
245	34	2	5	5	1
245	35	4	6	6	1
245	36	5	4	5	0
245	37	4	1	1	1
245	38	6	3	3	1
245	39	1	6	1	0
245	40	3	1	1	1
245	41	2	4	2	0
245	42	6	2	2	1
245	43	2	3	3	1
245	44	3	5	5	1
245	45	5	1	1	1
246	1	4	6	6	1
246	2	1	5	1	0
246	3	2	3	2	0
246	4	1	4	1	0
246	5	4	5	4	0
246	6	5	2	5	0
246	7	2	6	6	1
246	8	4	2	4	0
246	9	1	6	6	1
246	10	3	1	1	1
246	11	5	6	6	1
246	12	1	2	1	0
246	13	3	5	3	0
246	14	6	3	6	0
246	15	3	4	3	0
246	16	5	6	6	1
246	17	6	1	6	0
246	18	4	2	4	0
246	19	1	4	1	0
246	20	3	5	3	0
246	21	5	2	5	0
246	22	6	3	6	0
246	23	3	2	3	0
246	24	1	5	1	0
246	25	3	1	1	1
246	26	1	2	1	0
246	27	4	5	4	0
246	28	6	4	6	0
246	29	4	3	4	0
246	30	2	6	6	1
246	31	3	1	1	1
246	32	4	2	4	0
246	33	2	1	1	1
246	34	1	6	6	1
246	35	4	5	4	0
246	36	5	6	6	1
246	37	2	5	2	0
246	38	6	4	6	0
246	39	3	2	2	1
246	40	5	3	5	0
246	41	3	4	3	0
246	42	4	1	1	1
246	43	2	6	6	1
246	44	6	3	6	0
246	45	1	5	5	1
247	1	2	5	2	0
247	2	1	4	1	0
247	3	3	6	3	0
247	4	6	2	2	1
247	5	3	5	3	0
247	6	4	6	4	0
247	7	3	4	3	0
247	8	2	3	3	1
247	9	1	5	1	0
247	10	6	1	1	1
247	11	1	3	3	1
247	12	5	6	5	0
247	13	2	4	2	0
247	14	1	2	1	0
247	15	4	5	4	0
247	16	2	4	2	0
247	17	6	2	2	1
247	18	2	1	1	1
247	19	3	6	3	0
247	20	6	5	5	1
247	21	5	2	2	1
247	22	1	4	1	0
247	23	3	5	3	0
247	24	2	3	3	1
247	25	1	5	1	0
247	26	4	6	4	0
247	27	5	4	4	1
247	28	4	3	3	1
247	29	3	1	3	0
247	30	1	6	1	0
247	31	5	2	2	1
247	32	2	4	2	0
247	33	4	6	4	0
247	34	5	4	4	1
247	35	1	6	1	0
247	36	4	1	1	1
247	37	1	2	1	0
247	38	3	5	3	0
247	39	6	2	2	1
247	40	5	6	5	0
247	41	3	1	3	0
247	42	2	3	3	1
247	43	3	4	3	0
247	44	1	5	1	0
247	45	3	6	3	0
248	1	2	6	6	1
248	2	1	3	3	1
248	3	4	5	5	1
248	4	2	3	3	1
248	5	1	5	1	0
248	6	3	4	3	0
248	7	6	3	3	1
248	8	1	2	2	1
248	9	4	6	6	1
248	10	1	4	4	1
248	11	4	2	2	1
248	12	2	5	2	0
248	13	5	6	6	1
248	14	6	1	6	0
248	15	3	5	3	0
248	16	4	6	6	1
248	17	6	3	3	1
248	18	3	4	3	0
248	19	5	3	3	1
248	20	6	1	6	0
248	21	5	6	6	1
248	23	5	4	5	0
248	24	1	3	3	1
248	25	5	1	5	0
248	26	1	4	1	0
248	27	2	1	2	0
248	28	6	2	2	1
248	29	2	3	2	0
248	30	5	2	2	1
248	31	4	6	6	1
248	32	5	4	4	1
248	33	2	3	2	0
248	34	3	5	3	0
248	35	5	6	6	1
248	36	6	1	6	0
248	37	3	6	3	0
248	38	5	1	1	1
248	39	3	4	3	0
248	40	1	3	3	1
248	41	5	2	2	1
248	42	1	4	4	1
248	43	6	2	6	0
248	44	2	4	2	0
248	45	1	2	2	1
249	1	2	6	6	1
249	2	1	3	1	0
249	3	4	5	4	0
249	4	2	3	2	0
249	5	5	2	2	1
249	6	2	1	1	1
249	7	4	2	2	1
249	8	3	6	6	1
249	9	4	3	4	0
249	10	1	6	1	0
249	11	4	1	1	1
249	12	5	6	6	1
249	13	3	5	3	0
249	14	4	6	6	1
249	15	1	5	1	0
249	16	5	4	4	1
249	17	3	5	3	0
249	18	6	3	6	0
249	19	1	5	1	0
249	21	4	2	2	1
249	22	1	6	1	0
249	23	4	1	1	1
249	24	1	3	1	0
249	25	5	2	2	1
249	26	4	6	6	1
249	27	3	4	4	1
249	28	2	1	1	1
249	29	5	6	6	1
249	30	2	3	2	0
249	31	3	6	6	1
249	32	4	1	1	1
249	33	2	6	6	1
249	34	5	2	2	1
249	35	2	4	2	0
249	36	4	5	4	0
249	37	6	4	6	0
249	38	1	5	1	0
249	39	5	3	3	1
249	40	3	4	4	1
249	41	1	3	1	0
249	42	5	6	6	1
249	43	2	1	1	1
249	44	3	2	2	1
249	45	1	6	1	0
250	1	3	5	3	0
250	2	1	2	2	1
250	3	4	6	6	1
250	4	2	5	2	0
250	5	1	4	1	0
250	6	2	3	3	1
250	7	3	1	3	0
250	9	2	6	2	0
250	10	1	5	1	0
250	11	5	4	5	0
250	12	1	6	1	0
250	13	6	5	6	0
250	14	2	4	2	0
250	15	4	3	3	1
250	16	3	6	3	0
250	17	2	3	3	1
250	18	3	5	3	0
250	19	5	2	2	1
250	20	4	5	5	1
250	21	6	4	6	0
250	22	5	6	6	1
250	23	4	3	3	1
250	24	1	2	1	0
250	25	2	4	2	0
250	26	6	2	2	1
250	27	1	5	1	0
250	28	6	1	1	1
250	29	1	4	1	0
250	30	3	1	3	0
250	31	2	4	2	0
250	32	4	6	6	1
250	33	3	5	3	0
250	34	4	3	3	1
250	35	6	2	2	1
250	36	3	6	3	0
250	38	5	6	6	1
250	39	2	3	3	1
250	40	1	2	1	0
250	41	4	5	5	1
250	42	1	4	1	0
250	43	6	1	1	1
250	44	1	5	1	0
250	45	5	2	2	1
251	1	3	4	4	1
251	2	1	6	6	1
251	3	2	5	2	0
251	4	4	6	6	1
251	5	5	4	5	0
251	6	4	2	4	0
251	7	2	1	2	0
251	8	1	4	4	1
251	9	5	1	5	0
251	10	2	3	3	1
251	11	3	5	5	1
251	12	2	6	6	1
251	13	6	3	6	0
251	14	3	1	3	0
251	15	5	6	6	1
251	16	6	3	6	0
251	17	3	1	3	0
251	18	1	2	2	1
251	19	2	5	5	1
251	20	4	6	6	1
251	21	2	3	2	0
251	22	1	6	6	1
251	23	4	2	4	0
251	24	3	5	5	1
251	25	5	4	5	0
251	26	6	5	6	0
251	27	5	1	5	0
251	28	3	4	4	1
251	29	4	1	4	0
251	30	2	6	6	1
251	31	6	3	6	0
251	32	1	2	2	1
251	33	5	4	4	1
251	34	4	3	4	0
251	35	3	5	5	1
251	36	4	6	4	0
251	37	6	2	6	0
251	38	2	3	2	0
251	39	3	1	3	0
251	40	1	4	4	1
251	41	5	1	5	0
251	42	2	5	5	1
251	43	1	6	6	1
251	44	4	2	4	0
251	45	6	5	5	1
252	1	3	5	3	0
252	2	1	6	1	0
252	3	2	4	2	0
252	4	4	6	6	1
252	5	5	4	5	0
252	6	1	5	1	0
252	7	5	2	2	1
252	8	2	6	6	1
252	9	1	4	1	0
252	10	3	1	1	1
252	11	5	6	6	1
252	12	2	3	3	1
252	13	3	6	3	0
252	14	4	3	3	1
252	15	1	2	1	0
252	16	4	3	3	1
252	17	6	4	6	0
252	18	4	5	5	1
252	19	2	6	6	1
252	20	3	1	1	1
252	21	1	4	1	0
252	22	2	3	3	1
252	23	1	6	1	0
252	24	6	5	6	0
252	25	5	3	3	1
252	26	1	2	1	0
252	27	3	6	3	0
252	28	5	2	2	1
252	29	2	4	2	0
252	30	1	5	1	0
252	31	4	1	1	1
252	32	2	4	2	0
252	33	6	2	6	0
252	34	3	6	3	0
252	35	5	2	5	0
252	36	3	1	3	0
252	37	4	3	3	1
252	38	1	2	1	0
252	39	5	3	3	1
252	40	1	5	1	0
252	41	5	6	6	1
252	42	6	4	6	0
252	43	4	5	5	1
252	44	2	3	3	1
252	45	1	6	1	0
253	1	3	4	3	0
253	2	1	2	2	1
253	3	5	6	5	0
253	4	6	4	4	1
253	5	1	5	5	1
253	6	2	4	2	0
253	7	3	6	3	0
253	8	6	1	6	0
253	9	3	5	5	1
253	10	5	4	5	0
253	11	1	3	3	1
253	12	4	1	4	0
253	13	2	3	2	0
253	14	5	2	2	1
253	15	2	6	2	0
253	16	4	2	2	1
253	17	6	1	6	0
253	18	2	6	2	0
253	19	3	2	2	1
253	20	4	1	4	0
253	21	3	5	5	1
253	22	5	2	2	1
253	23	6	5	6	0
253	24	4	6	6	1
253	25	1	5	5	1
253	26	5	4	5	0
253	27	1	2	2	1
253	28	3	6	3	0
253	29	1	3	3	1
253	30	3	4	3	0
253	31	1	3	3	1
253	32	6	1	6	0
253	33	3	6	3	0
253	34	6	2	2	1
253	35	5	4	5	0
253	36	3	5	5	1
253	37	1	2	2	1
253	38	4	6	6	1
253	39	2	4	2	0
253	40	4	1	4	0
253	41	6	5	5	1
253	42	3	2	2	1
253	43	4	3	3	1
253	44	1	5	5	1
253	45	5	2	2	1
254	1	3	6	6	1
254	2	1	2	1	0
254	3	4	5	5	1
254	4	3	4	3	0
254	5	1	6	6	1
254	6	6	4	6	0
254	7	2	6	6	1
254	8	1	4	4	1
254	9	3	1	3	0
254	10	5	6	6	1
254	11	2	5	2	0
254	12	5	3	3	1
254	13	1	5	1	0
254	14	2	4	4	1
254	15	3	2	2	1
254	16	1	5	1	0
254	17	5	2	2	1
254	18	1	6	6	1
254	19	4	5	5	1
254	20	6	4	6	0
254	21	2	6	6	1
254	22	1	4	1	0
254	23	3	6	6	1
254	24	5	3	3	1
254	25	3	2	3	0
254	26	2	1	1	1
254	27	4	2	2	1
254	28	5	6	6	1
254	29	3	4	3	0
254	30	1	3	1	0
254	31	3	4	3	0
254	32	2	1	2	0
254	33	1	4	4	1
254	34	5	2	2	1
254	35	3	5	3	0
254	36	1	3	3	1
254	37	2	6	6	1
254	38	4	2	2	1
254	39	1	6	6	1
254	40	3	2	3	0
254	41	1	5	5	1
254	42	6	4	6	0
254	43	5	6	6	1
254	44	4	5	5	1
254	45	3	6	6	1
255	1	4	6	6	1
255	2	1	2	1	0
255	3	3	5	3	0
255	4	5	6	6	1
255	5	4	5	4	0
255	6	3	4	4	1
255	7	1	5	1	0
255	8	2	4	4	1
255	9	5	2	2	1
255	10	3	6	6	1
255	11	2	3	2	0
255	12	1	6	1	0
255	13	3	1	1	1
255	14	2	6	2	0
255	15	1	4	1	0
255	16	4	2	2	1
255	17	6	4	6	0
255	18	5	2	2	1
255	19	3	1	1	1
255	20	1	4	1	0
255	21	2	6	2	0
255	22	3	2	2	1
255	23	1	6	1	0
255	24	2	1	1	1
255	25	3	4	3	0
255	26	5	3	3	1
255	27	1	5	1	0
255	28	5	4	4	1
255	29	6	5	6	0
255	30	6	3	3	1
255	31	6	3	3	1
255	32	1	6	1	0
255	33	5	2	2	1
255	34	6	4	6	0
255	35	4	3	3	1
255	36	3	5	3	0
255	37	2	1	1	1
255	38	1	5	1	0
255	39	3	2	3	0
255	40	2	6	2	0
255	41	1	4	1	0
255	42	6	5	6	0
255	43	5	4	4	1
255	44	4	2	2	1
255	45	3	1	1	1
256	1	3	4	3	0
256	3	5	6	6	1
256	4	6	4	4	1
256	5	1	5	1	0
256	6	2	4	2	0
256	7	3	6	3	0
256	8	6	1	1	1
256	9	3	5	3	0
256	10	5	4	5	0
256	11	1	3	3	1
256	12	4	1	1	1
256	13	2	3	3	1
256	14	5	2	2	1
256	15	2	6	2	0
256	16	4	2	2	1
256	17	6	1	1	1
256	18	2	6	2	0
256	19	3	2	3	0
256	20	4	1	1	1
256	21	3	5	3	0
256	22	5	2	2	1
256	23	6	5	5	1
256	24	4	6	6	1
256	25	1	5	5	1
256	26	5	4	5	0
256	27	1	2	2	1
256	28	3	6	3	0
256	29	1	3	3	1
256	30	3	4	3	0
256	31	1	3	3	1
256	32	6	1	1	1
256	33	3	6	3	0
256	34	6	2	2	1
256	35	5	4	5	0
256	36	3	5	3	0
256	37	1	2	2	1
256	38	4	6	6	1
256	39	2	4	2	0
256	40	4	1	1	1
256	41	6	5	5	1
256	42	3	2	3	0
256	43	4	3	3	1
256	44	1	5	5	1
256	45	5	2	2	1
257	1	3	5	3	0
257	2	1	6	6	1
257	3	2	4	4	1
257	4	4	6	6	1
257	5	5	4	5	0
257	6	1	5	5	1
257	7	5	2	5	0
257	8	2	6	6	1
257	9	1	4	1	0
257	10	3	1	3	0
257	11	5	6	6	1
257	12	2	3	3	1
257	13	3	6	6	1
257	14	4	3	4	0
257	15	1	2	1	0
257	16	4	3	3	1
257	17	6	4	6	0
257	18	4	5	4	0
257	19	2	6	6	1
257	20	3	1	1	1
257	21	1	4	1	0
257	22	2	3	3	1
257	24	6	5	6	0
257	25	5	3	5	0
257	26	1	2	1	0
257	27	3	6	6	1
257	28	5	2	2	1
257	29	2	4	4	1
257	30	1	5	1	0
257	31	4	1	4	0
257	32	2	4	2	0
257	33	6	2	6	0
257	34	3	6	6	1
257	35	5	2	2	1
257	36	3	1	1	1
257	37	4	3	4	0
257	38	1	2	1	0
257	39	5	3	5	0
257	40	1	5	1	0
257	41	5	6	6	1
257	42	6	4	6	0
257	43	4	5	4	0
257	44	2	3	2	0
257	45	1	6	6	1
258	1	3	6	6	1
258	2	1	2	1	0
258	3	4	5	5	1
258	4	3	4	3	0
258	5	1	6	6	1
258	6	6	4	6	0
258	7	2	6	6	1
258	8	1	4	1	0
258	9	3	1	1	1
258	10	5	6	6	1
258	11	2	5	2	0
258	12	5	3	5	0
258	13	1	5	1	0
258	14	2	4	2	0
258	15	3	2	3	0
258	16	1	5	5	1
258	17	5	2	5	0
258	18	1	6	6	1
258	19	4	5	5	1
258	20	6	4	6	0
258	21	2	6	6	1
258	22	1	4	1	0
258	23	3	6	6	1
258	24	5	3	5	0
258	25	3	2	3	0
258	26	2	1	1	1
258	27	4	2	2	1
258	28	5	6	6	1
258	29	3	4	3	0
258	30	1	3	3	1
258	31	3	4	3	0
258	32	2	1	2	0
258	33	1	4	1	0
258	34	5	2	5	0
258	35	3	5	5	1
258	36	1	3	3	1
258	37	2	6	6	1
258	38	4	2	2	1
258	39	1	6	6	1
258	40	3	2	3	0
258	41	1	5	5	1
258	42	6	4	6	0
258	43	5	6	6	1
258	44	4	5	5	1
258	45	3	6	6	1
259	1	2	5	5	1
259	2	1	6	1	0
259	3	3	4	3	0
259	4	6	3	3	1
259	5	3	1	3	0
259	6	4	5	5	1
259	7	1	4	1	0
259	8	2	1	1	1
259	9	3	2	3	0
259	10	5	6	5	0
259	11	2	4	2	0
259	12	1	5	5	1
259	13	5	3	5	0
259	14	4	6	6	1
259	15	2	6	6	1
259	16	2	6	6	1
259	17	1	2	1	0
259	18	4	6	6	1
259	19	5	3	5	0
259	20	2	4	4	1
259	21	1	5	5	1
259	22	4	1	1	1
259	23	5	6	5	0
259	24	3	1	3	0
259	25	4	5	5	1
259	26	6	3	3	1
259	27	3	2	3	0
259	28	4	3	3	1
259	29	1	6	6	1
259	30	2	5	5	1
259	31	5	3	3	1
259	32	2	5	5	1
259	33	4	2	4	0
259	34	6	3	3	1
259	35	3	2	3	0
259	36	4	3	3	1
259	37	1	5	5	1
259	38	4	1	4	0
259	39	6	4	6	0
259	40	1	6	6	1
259	41	6	2	6	0
259	42	4	5	5	1
259	43	3	1	3	0
259	44	5	6	6	1
259	45	1	2	1	0
260	1	5	6	6	1
260	2	1	2	1	0
260	3	3	4	3	0
260	4	2	5	5	1
260	5	1	6	6	1
260	6	2	3	3	1
260	7	1	4	1	0
260	8	4	5	5	1
260	9	5	1	1	1
260	10	3	6	3	0
260	11	2	4	4	1
260	12	6	2	6	0
260	13	4	6	6	1
260	14	1	3	3	1
260	15	3	5	3	0
260	16	2	4	4	1
260	17	5	6	6	1
260	18	6	2	6	0
260	19	4	5	5	1
260	20	3	4	3	0
260	21	2	5	5	1
260	22	1	6	6	1
260	23	4	1	1	1
260	24	6	4	6	0
260	25	5	1	5	0
260	26	2	3	3	1
260	27	1	2	1	0
260	28	3	6	3	0
260	29	1	3	3	1
260	30	5	3	3	1
260	31	5	3	3	1
260	32	1	2	1	0
260	33	3	1	3	0
260	34	6	4	6	0
260	35	4	5	5	1
260	36	5	2	5	0
260	37	3	6	3	0
260	38	2	3	3	1
260	39	4	1	1	1
260	40	5	6	6	1
260	41	2	4	4	1
260	42	1	6	6	1
260	43	5	1	5	0
260	44	6	2	6	0
260	45	3	4	3	0
261	1	4	6	4	0
261	2	1	5	1	0
261	3	2	3	2	0
261	4	6	2	2	1
261	5	1	3	1	0
261	6	2	5	2	0
261	7	3	6	6	1
261	8	4	3	4	0
261	9	5	6	6	1
261	10	6	1	1	1
261	11	3	5	3	0
261	12	1	4	4	1
261	13	2	1	2	0
261	14	4	2	4	0
261	15	5	4	4	1
261	16	4	1	4	0
261	17	6	4	4	1
261	19	6	5	5	1
261	20	4	2	4	0
261	21	1	3	1	0
261	22	3	6	6	1
261	23	2	3	2	0
261	24	1	5	1	0
261	25	2	1	1	1
261	26	5	4	4	1
261	27	3	5	5	1
261	28	4	3	4	0
261	29	2	5	2	0
261	30	6	2	2	1
261	31	2	5	2	0
261	32	5	1	1	1
261	33	3	5	5	1
261	34	4	1	4	0
261	35	6	4	4	1
261	36	3	6	6	1
261	37	1	3	1	0
261	38	2	1	1	1
261	39	6	5	6	0
261	40	2	6	2	0
261	41	4	3	4	0
261	42	1	6	1	0
261	43	4	2	4	0
261	44	5	4	4	1
261	45	2	3	2	0
262	1	4	5	5	1
262	2	1	3	3	1
262	3	2	6	2	0
262	4	4	2	2	1
262	5	1	6	1	0
262	6	6	3	3	1
262	7	5	6	5	0
262	8	3	5	5	1
262	9	5	2	5	0
262	10	2	3	3	1
262	11	1	4	1	0
262	12	2	1	1	1
262	13	4	6	4	0
262	14	1	5	5	1
262	15	3	4	3	0
262	16	4	1	1	1
262	17	2	4	2	0
262	18	6	3	3	1
262	19	1	6	1	0
262	20	3	1	3	0
262	21	4	6	4	0
262	22	6	5	5	1
262	23	5	4	5	0
262	24	2	3	3	1
262	25	3	5	5	1
262	26	4	3	3	1
262	27	5	2	5	0
262	28	2	1	2	0
262	29	6	2	2	1
262	30	5	1	5	0
262	31	5	1	5	0
262	32	4	6	6	1
262	33	1	4	1	0
262	34	6	5	5	1
262	35	2	1	2	0
262	36	3	2	3	0
262	37	2	4	2	0
262	38	1	6	1	0
262	39	6	3	3	1
262	40	5	2	5	0
262	41	3	1	3	0
262	42	5	3	5	0
262	43	4	5	5	1
262	44	6	2	2	1
262	45	4	3	3	1
263	1	3	5	3	0
263	2	1	2	1	0
263	3	4	6	6	1
263	4	1	3	3	1
263	5	2	5	5	1
263	6	5	4	5	0
263	7	1	6	1	0
263	8	2	4	4	1
263	9	4	1	1	1
263	10	3	6	3	0
263	11	4	3	3	1
263	12	5	6	6	1
263	13	6	2	6	0
263	14	1	5	1	0
263	15	2	3	3	1
263	16	1	2	1	0
263	17	3	1	3	0
263	18	4	3	3	1
263	19	2	4	4	1
263	20	1	5	5	1
263	21	3	6	3	0
263	22	6	5	5	1
263	23	1	6	1	0
263	24	6	4	6	0
263	25	3	5	3	0
263	26	5	4	5	0
263	27	2	5	5	1
263	28	6	2	6	0
263	29	2	3	3	1
263	30	4	1	1	1
263	31	3	6	3	0
263	32	2	4	4	1
263	33	6	2	6	0
263	34	2	1	1	1
263	35	5	4	5	0
263	36	6	5	5	1
263	37	2	3	3	1
263	38	5	2	5	0
263	39	6	4	6	0
263	40	1	5	1	0
263	41	4	3	3	1
263	42	3	1	3	0
263	43	1	4	1	0
263	44	3	5	3	0
263	45	1	6	1	0
264	1	2	6	6	1
264	2	1	3	3	1
264	3	4	5	5	1
264	4	2	3	3	1
264	5	1	5	5	1
264	6	3	4	3	0
264	7	6	3	6	0
264	8	1	2	1	0
264	9	4	6	6	1
264	10	1	4	4	1
264	11	4	2	4	0
264	12	2	5	5	1
264	13	5	6	6	1
264	14	6	1	6	0
264	15	3	5	5	1
264	16	4	6	6	1
264	17	6	3	3	1
264	18	3	4	4	1
264	19	5	3	3	1
264	20	6	1	6	0
264	21	5	6	6	1
264	22	4	2	4	0
264	23	5	4	5	0
264	24	1	3	1	0
264	25	5	1	1	1
264	26	1	4	1	0
264	27	2	1	1	1
264	28	6	2	6	0
264	29	2	3	3	1
264	30	5	2	5	0
264	31	4	6	6	1
264	32	5	4	5	0
264	33	2	3	3	1
264	34	3	5	3	0
264	35	5	6	6	1
264	36	6	1	1	1
264	37	3	6	6	1
264	38	5	1	1	1
264	39	3	4	3	0
264	40	1	3	3	1
264	41	5	2	5	0
264	42	1	4	1	0
264	43	6	2	6	0
264	44	2	4	4	1
264	45	1	2	1	0
265	1	4	6	4	0
265	2	1	5	1	0
265	3	2	3	3	1
265	4	1	4	1	0
265	5	4	5	5	1
265	6	5	2	5	0
265	8	4	2	2	1
265	9	1	6	1	0
265	10	3	1	3	0
265	11	5	6	5	0
265	12	1	2	1	0
265	13	3	5	3	0
265	14	6	3	3	1
265	15	3	4	3	0
265	16	5	6	5	0
265	17	6	1	1	1
265	18	4	2	2	1
265	19	1	4	1	0
265	20	3	5	3	0
265	21	5	2	2	1
265	22	6	3	3	1
265	23	3	2	3	0
265	24	1	5	1	0
265	25	3	1	3	0
265	26	1	2	1	0
265	27	4	5	5	1
265	28	6	4	6	0
265	29	4	3	3	1
265	30	2	6	6	1
265	31	3	1	3	0
265	32	4	2	2	1
265	33	2	1	2	0
265	34	1	6	1	0
265	35	4	5	5	1
265	36	5	6	5	0
265	37	2	5	5	1
265	38	6	4	6	0
265	39	3	2	3	0
265	40	5	3	3	1
265	41	3	4	3	0
265	42	4	1	1	1
265	43	2	6	2	0
265	44	6	3	3	1
265	45	1	5	1	0
266	1	5	6	5	0
266	2	1	3	1	0
266	3	2	4	2	0
266	4	5	2	5	0
266	5	4	5	4	0
266	6	2	6	2	0
266	7	6	3	6	0
266	8	1	5	1	0
266	9	3	4	4	1
266	10	2	3	2	0
266	11	1	4	1	0
266	12	3	5	5	1
266	13	1	2	1	0
266	14	6	1	1	1
266	15	4	6	4	0
266	16	5	4	4	1
266	17	1	2	2	1
266	18	2	4	4	1
266	19	4	6	4	0
266	20	6	1	1	1
266	21	3	4	4	1
266	22	4	1	4	0
266	23	2	6	2	0
266	24	3	5	3	0
266	25	5	2	5	0
266	26	1	3	1	0
266	27	5	6	5	0
266	28	1	5	1	0
266	29	6	3	3	1
266	30	3	2	3	0
266	31	5	6	5	0
266	32	3	4	3	0
266	33	1	2	1	0
266	34	2	5	5	1
266	35	4	6	4	0
266	36	5	4	4	1
266	37	4	1	1	1
266	38	6	3	3	1
266	39	1	6	1	0
266	40	3	1	1	1
266	41	2	4	4	1
266	42	6	2	2	1
266	43	2	3	3	1
266	44	3	5	3	0
266	45	5	1	1	1
267	1	2	5	5	1
267	2	1	4	1	0
267	3	3	6	3	0
267	4	6	1	1	1
267	5	3	5	3	0
267	6	2	6	6	1
267	7	1	5	5	1
267	8	2	4	4	1
267	9	4	5	5	1
267	10	1	3	3	1
267	11	3	2	3	0
267	12	5	6	5	0
267	13	1	2	1	0
267	14	4	6	6	1
267	15	3	4	3	0
267	16	1	2	1	0
267	17	2	5	5	1
267	18	3	4	3	0
267	19	2	3	3	1
267	20	4	2	4	0
267	21	2	6	6	1
267	22	6	3	3	1
267	23	3	5	3	0
267	24	5	4	5	0
267	25	6	1	6	0
267	26	5	6	5	0
267	27	1	3	3	1
267	28	4	1	1	1
267	29	1	5	5	1
267	30	4	6	6	1
267	31	3	5	3	0
267	32	5	1	5	0
267	33	1	4	1	0
267	34	2	6	6	1
267	35	6	3	3	1
267	36	3	1	3	0
267	37	4	3	3	1
267	38	2	4	4	1
267	39	1	2	1	0
267	40	2	3	3	1
267	41	5	4	5	0
267	42	6	1	6	0
267	43	5	6	5	0
267	44	2	5	5	1
267	45	4	6	6	1
268	1	2	3	3	1
268	2	1	4	1	0
268	3	5	6	5	0
268	4	1	2	1	0
268	5	4	5	5	1
268	6	2	4	2	0
268	7	3	6	3	0
268	8	6	4	4	1
268	9	4	3	3	1
268	10	1	5	1	0
268	11	3	1	3	0
268	12	2	5	5	1
268	13	1	6	1	0
268	14	6	2	2	1
268	15	5	3	3	1
268	16	5	3	3	1
268	17	3	6	3	0
268	18	1	2	1	0
268	19	3	1	3	0
268	20	6	2	2	1
268	21	4	6	4	0
268	22	2	5	2	0
268	23	4	2	2	1
268	24	5	6	5	0
268	25	1	5	1	0
268	26	5	4	4	1
268	27	4	3	3	1
268	28	1	4	1	0
268	29	2	3	3	1
268	30	1	6	1	0
268	31	2	3	3	1
268	32	3	5	3	0
268	33	5	2	5	0
268	34	2	1	1	1
268	35	5	6	5	0
268	36	1	4	1	0
268	37	4	2	2	1
268	38	3	6	3	0
268	39	5	4	5	0
268	40	4	6	4	0
268	41	3	1	3	0
268	42	1	5	5	1
268	43	6	2	2	1
268	44	4	3	3	1
268	45	1	6	1	0
269	1	4	6	4	0
269	3	2	3	3	1
269	4	6	2	2	1
269	5	3	4	3	0
269	6	2	5	5	1
269	7	5	6	6	1
269	8	1	3	1	0
269	9	3	6	6	1
269	10	1	2	1	0
269	11	4	5	4	0
269	12	2	4	4	1
269	13	1	6	1	0
269	14	4	1	1	1
269	15	3	5	3	0
269	16	4	1	1	1
269	17	5	4	4	1
269	18	3	6	3	0
269	19	2	5	5	1
269	20	4	2	2	1
269	21	3	4	3	0
269	22	1	3	3	1
269	23	5	1	1	1
269	24	3	5	3	0
269	25	1	6	1	0
269	26	6	2	2	1
269	27	2	3	3	1
269	28	1	2	1	0
269	29	4	6	6	1
269	30	6	5	6	0
269	31	3	4	4	1
269	32	4	2	2	1
269	33	2	5	5	1
269	34	5	3	3	1
269	35	4	5	5	1
269	36	1	2	1	0
269	37	2	6	6	1
269	38	6	4	6	0
269	39	5	6	6	1
269	40	2	3	3	1
269	41	3	1	1	1
269	42	1	6	6	1
269	43	5	1	1	1
269	44	1	4	1	0
269	45	3	6	6	1
270	1	3	5	5	1
270	2	1	6	1	0
270	3	2	4	2	0
270	4	4	6	6	1
270	5	5	4	5	0
270	6	1	5	5	1
270	7	5	2	5	0
270	8	2	6	6	1
270	9	1	4	1	0
270	10	3	1	3	0
270	11	5	6	5	0
270	12	2	3	3	1
270	13	3	6	3	0
270	14	4	3	3	1
270	15	1	2	1	0
270	16	4	3	3	1
270	17	6	4	6	0
270	18	4	5	5	1
270	19	2	6	6	1
270	20	3	1	3	0
270	21	1	4	1	0
270	22	2	3	3	1
270	23	1	6	6	1
270	24	6	5	5	1
270	25	5	3	5	0
270	26	1	2	1	0
270	27	3	6	3	0
270	28	5	2	5	0
270	29	2	4	2	0
270	30	1	5	5	1
270	31	4	1	1	1
270	32	2	4	2	0
270	33	6	2	6	0
270	34	3	6	3	0
270	35	5	2	5	0
270	36	3	1	3	0
270	37	4	3	3	1
270	38	1	2	1	0
270	39	5	3	5	0
270	40	1	5	5	1
270	41	5	6	5	0
270	42	6	4	6	0
270	43	4	5	5	1
270	44	2	3	3	1
270	45	1	6	1	0
271	1	5	6	5	0
271	2	1	2	2	1
271	3	3	4	3	0
271	4	4	6	4	0
271	6	5	1	5	0
271	7	1	6	6	1
271	8	6	3	3	1
271	9	2	4	4	1
271	10	3	2	3	0
271	11	4	5	5	1
271	12	1	4	4	1
271	13	2	6	2	0
271	14	1	3	3	1
271	15	3	5	5	1
271	16	5	4	4	1
271	17	3	5	5	1
271	18	6	3	3	1
271	19	3	1	3	0
271	20	1	5	5	1
271	21	4	1	4	0
271	22	6	4	4	1
271	23	4	2	4	0
271	24	1	6	6	1
271	25	3	4	4	1
271	26	2	5	5	1
271	27	1	2	2	1
271	28	5	6	5	0
271	29	3	2	3	0
271	30	2	6	2	0
271	31	6	4	4	1
271	32	5	6	5	0
271	33	4	5	4	0
271	34	1	4	4	1
271	35	2	6	2	0
271	36	1	5	5	1
271	37	3	2	3	0
271	38	4	3	4	0
271	39	1	6	1	0
271	40	6	3	3	1
271	41	3	5	5	1
271	42	1	2	2	1
271	43	3	1	3	0
271	44	2	5	5	1
271	45	4	2	4	0
272	1	5	6	6	1
272	2	1	2	1	0
272	3	3	4	4	1
272	4	4	1	4	0
272	5	1	3	1	0
272	6	2	6	6	1
272	7	5	2	2	1
272	8	2	3	3	1
272	9	1	5	1	0
272	10	3	6	6	1
272	11	5	3	5	0
272	12	4	5	4	0
272	13	6	4	6	0
272	14	1	6	1	0
272	15	2	4	4	1
272	16	1	3	1	0
272	17	5	6	6	1
272	18	1	5	1	0
272	19	2	4	4	1
272	20	4	3	4	0
272	21	3	2	2	1
272	22	2	5	2	0
272	23	1	6	6	1
272	24	5	3	3	1
272	25	6	4	4	1
272	26	2	6	6	1
272	27	4	1	4	0
272	28	5	4	4	1
272	29	3	6	6	1
272	30	1	2	1	0
272	31	4	3	4	0
272	32	1	2	1	0
272	33	5	3	5	0
272	34	3	1	1	1
272	35	2	3	3	1
272	36	1	6	1	0
272	37	5	1	1	1
272	38	2	5	2	0
272	39	5	6	6	1
272	40	2	4	4	1
272	41	3	6	6	1
272	42	6	2	6	0
272	43	4	1	1	1
272	44	6	4	6	0
272	45	4	5	4	0
273	1	3	5	3	0
273	2	1	2	1	0
273	3	4	6	6	1
273	4	6	1	1	1
273	5	2	6	6	1
273	6	6	3	3	1
273	7	1	5	1	0
273	8	2	4	2	0
273	9	4	5	5	1
273	10	1	3	3	1
273	11	4	1	1	1
273	12	2	5	5	1
273	13	3	4	3	0
273	14	2	3	3	1
273	15	5	6	5	0
273	16	6	4	6	0
273	17	2	5	5	1
273	18	3	2	3	0
273	19	6	1	1	1
273	20	4	5	5	1
273	21	2	6	2	0
273	22	1	2	1	0
273	23	6	3	3	1
273	24	1	5	1	0
273	25	5	6	5	0
273	26	2	4	2	0
273	27	4	1	1	1
273	28	3	4	3	0
273	29	5	3	3	1
273	30	3	1	3	0
273	31	5	6	5	0
273	32	6	3	3	1
273	33	4	5	5	1
273	34	2	4	2	0
273	35	4	6	6	1
273	36	3	2	3	0
273	37	2	6	2	0
273	38	1	5	1	0
273	39	6	1	1	1
273	40	1	2	1	0
273	41	5	3	3	1
273	42	4	1	1	1
273	43	3	4	3	0
273	44	1	3	1	0
273	45	2	5	5	1
274	1	3	5	5	1
274	2	1	6	6	1
274	3	2	4	4	1
274	4	4	6	6	1
274	5	5	4	4	1
274	6	1	5	5	1
274	7	5	2	5	0
274	8	2	6	6	1
274	9	1	4	4	1
274	10	3	1	3	0
274	11	5	6	6	1
274	12	2	3	3	1
274	13	3	6	6	1
274	14	4	3	4	0
274	15	1	2	2	1
274	16	4	3	4	0
274	17	6	4	6	0
274	18	4	5	4	0
274	19	2	6	6	1
274	20	3	1	3	0
274	21	1	4	4	1
274	22	2	3	3	1
274	23	1	6	6	1
274	24	6	5	6	0
274	25	5	3	5	0
274	26	1	2	2	1
274	27	3	6	6	1
274	28	5	2	5	0
274	29	2	4	4	1
274	30	1	5	5	1
274	31	4	1	4	0
274	32	2	4	4	1
274	33	6	2	6	0
274	34	3	6	6	1
274	35	5	2	5	0
274	36	3	1	3	0
274	37	4	3	4	0
274	38	1	2	2	1
274	39	5	3	5	0
274	40	1	5	5	1
274	41	5	6	6	1
274	42	6	4	6	0
274	43	4	5	4	0
274	44	2	3	3	1
274	45	1	6	6	1
275	1	3	4	3	0
275	2	1	2	1	0
275	3	5	6	6	1
275	4	6	4	6	0
275	5	1	5	1	0
275	6	2	4	2	0
275	7	3	6	3	0
275	8	6	1	1	1
275	9	3	5	3	0
275	10	5	4	5	0
275	11	1	3	3	1
275	12	4	1	1	1
275	13	2	3	3	1
275	14	5	2	5	0
275	15	2	6	6	1
275	16	4	2	2	1
275	17	6	1	1	1
275	18	2	6	6	1
275	19	3	2	3	0
275	20	4	1	1	1
275	21	3	5	3	0
275	22	5	2	5	0
275	23	6	5	5	1
275	24	4	6	6	1
275	25	1	5	1	0
275	26	5	4	5	0
275	27	1	2	1	0
275	28	3	6	3	0
275	29	1	3	1	0
275	30	3	4	3	0
275	31	1	3	1	0
275	32	6	1	1	1
275	33	3	6	3	0
275	34	6	2	6	0
275	35	5	4	5	0
275	36	3	5	3	0
275	37	1	2	1	0
275	38	4	6	6	1
275	39	2	4	2	0
275	40	4	1	1	1
275	41	6	5	5	1
275	42	3	2	3	0
275	43	4	3	3	1
275	44	1	5	1	0
275	45	5	2	5	0
276	1	5	6	5	0
276	2	1	4	1	0
276	3	2	3	3	1
276	5	2	4	2	0
276	6	1	3	1	0
276	7	2	6	6	1
276	8	3	5	5	1
276	9	5	1	5	0
276	10	4	5	5	1
276	11	5	2	5	0
276	12	2	1	1	1
276	13	3	4	3	0
276	14	4	6	6	1
276	15	6	3	6	0
276	16	3	4	3	0
276	17	4	5	5	1
276	18	2	4	4	1
276	19	4	1	1	1
276	20	2	3	3	1
276	21	5	1	5	0
276	22	1	2	1	0
276	23	6	1	6	0
276	24	3	5	5	1
276	25	5	2	5	0
276	26	2	6	6	1
276	27	6	3	6	0
276	28	5	6	5	0
276	29	6	4	6	0
276	30	1	3	3	1
276	31	4	1	1	1
276	32	2	4	4	1
276	33	6	1	1	1
276	34	1	5	5	1
276	35	5	3	5	0
276	36	6	4	6	0
276	37	1	2	1	0
276	38	3	4	4	1
276	39	4	5	5	1
276	40	5	6	5	0
276	41	2	3	3	1
276	42	3	1	3	0
276	43	5	2	5	0
276	44	6	3	6	0
276	45	2	6	6	1
277	1	5	6	5	0
277	2	1	2	2	1
277	3	3	4	3	0
277	4	1	3	3	1
277	5	4	6	6	1
277	6	1	4	1	0
277	7	2	5	5	1
277	8	4	2	2	1
277	9	1	5	1	0
277	10	3	6	6	1
277	11	6	2	6	0
277	12	1	6	6	1
277	13	3	5	3	0
277	14	5	4	5	0
277	15	2	3	3	1
277	16	4	6	6	1
277	17	5	4	5	0
277	18	6	2	6	0
277	19	2	3	3	1
277	20	5	2	5	0
277	21	3	5	3	0
277	22	5	1	1	1
277	23	6	5	6	0
277	24	1	3	3	1
277	25	3	4	3	0
277	26	4	2	2	1
277	27	1	4	1	0
277	28	3	6	6	1
277	29	1	2	1	0
277	30	6	1	6	0
277	31	3	6	6	1
277	32	2	3	3	1
277	33	5	2	5	0
277	34	1	3	3	1
277	35	4	2	2	1
277	36	6	5	6	0
277	37	2	6	6	1
277	38	1	4	1	0
277	39	5	1	1	1
277	40	1	6	6	1
277	41	3	4	3	0
277	42	1	2	1	0
277	43	5	4	5	0
277	44	4	6	6	1
277	45	3	5	3	0
278	1	4	6	4	0
278	2	1	2	1	0
278	3	3	5	5	1
278	4	2	3	3	1
278	5	1	6	6	1
278	6	6	2	6	0
278	7	1	5	5	1
278	8	3	4	4	1
278	9	1	3	1	0
278	10	5	6	6	1
278	11	2	4	4	1
278	12	4	5	4	0
278	13	5	2	2	1
278	14	3	6	6	1
278	15	1	4	4	1
278	16	5	6	6	1
278	17	1	2	1	0
278	18	4	5	4	0
278	19	6	4	4	1
278	20	4	1	4	0
278	21	3	6	6	1
278	22	5	3	3	1
278	23	6	2	6	0
278	24	1	6	6	1
278	25	5	1	5	0
278	26	1	3	3	1
278	27	3	4	4	1
278	28	5	2	2	1
278	29	2	3	3	1
278	30	4	2	4	0
278	31	5	6	6	1
278	32	1	3	1	0
278	33	3	5	3	0
278	35	2	3	3	1
278	36	1	2	1	0
278	37	3	4	4	1
278	38	6	2	6	0
278	39	2	4	4	1
278	40	4	5	4	0
278	41	6	4	4	1
278	42	5	2	2	1
278	43	1	5	5	1
278	44	3	6	3	0
278	45	4	1	4	0
279	1	3	6	3	0
279	2	1	2	2	1
279	3	4	5	5	1
279	4	3	4	3	0
279	5	1	6	6	1
279	6	6	4	6	0
279	7	2	6	2	0
279	9	3	1	3	0
279	10	5	6	5	0
279	11	2	5	2	0
279	12	5	3	3	1
279	13	1	5	5	1
279	14	2	4	2	0
279	15	3	2	2	1
279	16	1	5	5	1
279	17	5	2	2	1
279	18	1	6	1	0
279	19	4	5	5	1
279	20	6	4	6	0
279	21	2	6	2	0
279	22	1	4	1	0
279	23	3	6	3	0
279	24	5	3	3	1
279	25	3	2	2	1
279	26	2	1	2	0
279	27	4	2	2	1
279	28	5	6	6	1
279	29	3	4	3	0
279	30	1	3	3	1
279	31	3	4	3	0
279	32	2	1	2	0
279	33	1	4	1	0
279	34	5	2	2	1
279	35	3	5	3	0
279	36	1	3	3	1
279	37	2	6	2	0
279	38	4	2	2	1
279	39	1	6	1	0
279	40	3	2	3	0
279	41	1	5	1	0
279	42	6	4	4	1
279	43	5	6	6	1
279	44	4	5	5	1
279	45	3	6	3	0
280	1	4	6	6	1
280	2	1	2	1	0
280	3	3	5	3	0
280	4	5	6	6	1
280	5	4	5	5	1
280	6	3	4	3	0
280	7	1	5	5	1
280	8	2	4	2	0
280	9	5	2	5	0
280	10	3	6	6	1
280	11	2	3	3	1
280	12	1	6	6	1
280	13	3	1	3	0
280	14	2	6	6	1
280	15	1	4	4	1
280	16	4	2	4	0
280	17	6	4	6	0
280	18	5	2	5	0
280	19	3	1	3	0
280	20	1	4	4	1
280	21	2	6	6	1
280	22	3	2	3	0
280	23	1	6	6	1
280	24	2	1	2	0
280	25	3	4	3	0
280	26	5	3	5	0
280	27	1	5	5	1
280	28	5	4	5	0
280	29	6	5	6	0
280	30	6	3	6	0
280	31	6	3	6	0
280	32	1	6	6	1
280	33	5	2	5	0
280	34	6	4	6	0
280	35	4	3	3	1
280	36	3	5	3	0
280	37	2	1	2	0
280	38	1	5	5	1
280	39	3	2	3	0
280	40	2	6	6	1
280	41	1	4	4	1
280	42	6	5	6	0
280	43	5	4	5	0
280	44	4	2	4	0
280	45	3	1	3	0
281	1	3	4	4	1
281	2	1	2	2	1
281	3	5	6	6	1
281	4	2	4	4	1
281	5	4	1	4	0
281	6	1	3	1	0
281	7	2	5	5	1
281	8	5	3	5	0
281	9	3	6	6	1
281	10	6	1	6	0
281	11	4	5	4	0
281	12	2	6	6	1
281	13	1	5	5	1
281	14	2	3	3	1
281	15	4	6	6	1
281	16	1	2	1	0
281	17	4	5	4	0
281	18	1	4	4	1
281	19	5	3	5	0
281	20	3	6	6	1
281	21	2	3	3	1
281	22	1	5	5	1
281	24	1	3	3	1
281	25	2	4	4	1
281	26	6	1	6	0
281	27	3	4	4	1
281	28	5	6	6	1
281	29	2	5	2	0
281	30	6	2	6	0
281	31	2	3	3	1
281	32	3	5	3	0
281	33	1	2	1	0
281	34	5	6	6	1
281	35	1	3	3	1
281	36	2	4	4	1
281	37	6	1	6	0
281	38	1	4	4	1
281	39	4	5	4	0
281	40	6	4	4	1
281	41	1	5	5	1
281	42	3	6	6	1
281	43	2	5	5	1
281	44	3	4	4	1
281	45	6	2	6	0
282	1	4	5	4	0
282	2	1	6	1	0
282	3	2	3	3	1
282	4	1	5	1	0
282	5	4	6	6	1
282	6	1	2	1	0
282	7	5	6	6	1
282	8	6	3	3	1
282	9	2	6	2	0
282	10	4	2	2	1
282	11	1	4	1	0
282	12	4	3	3	1
282	13	3	5	3	0
282	14	1	3	1	0
282	15	2	5	2	0
282	16	6	3	3	1
282	17	1	2	1	0
282	18	4	3	3	1
282	19	5	4	4	1
282	20	1	6	1	0
282	21	2	3	2	0
282	22	3	1	1	1
282	23	2	6	2	0
282	24	1	5	1	0
282	25	5	2	2	1
282	26	6	5	6	0
282	27	4	6	6	1
282	28	1	4	1	0
282	29	4	2	2	1
282	30	3	5	3	0
282	31	1	4	1	0
282	32	6	5	6	0
282	33	5	3	3	1
282	34	4	6	4	0
282	35	6	2	2	1
282	36	1	6	1	0
282	37	6	3	3	1
282	38	1	2	1	0
282	39	5	1	1	1
282	40	1	3	1	0
282	41	5	4	4	1
282	42	2	3	2	0
282	43	4	2	2	1
282	44	3	4	3	0
282	45	5	2	2	1
283	1	2	5	5	1
283	2	1	4	1	0
283	3	3	6	6	1
283	4	6	2	6	0
283	5	3	5	5	1
283	6	4	6	6	1
283	7	3	4	3	0
283	8	2	3	3	1
283	9	1	5	5	1
283	10	6	1	6	0
283	11	1	3	1	0
283	12	5	6	6	1
283	13	2	4	4	1
283	14	1	2	1	0
283	15	4	5	5	1
283	16	2	4	4	1
283	17	6	2	6	0
283	18	2	1	1	1
283	19	3	6	6	1
283	20	6	5	6	0
283	21	5	2	5	0
283	22	1	4	1	0
283	23	3	5	5	1
283	24	2	3	3	1
283	25	1	5	5	1
283	26	4	6	6	1
283	27	5	4	5	0
283	28	4	3	3	1
283	29	3	1	3	0
283	30	1	6	6	1
283	31	5	2	5	0
283	32	2	4	4	1
283	33	4	6	6	1
283	34	5	4	5	0
283	35	1	6	6	1
283	36	4	1	1	1
283	37	1	2	1	0
283	39	6	2	6	0
283	40	5	6	5	0
283	41	3	1	3	0
283	42	2	3	3	1
283	43	3	4	3	0
283	44	1	5	5	1
283	45	3	6	6	1
284	1	3	5	3	0
284	2	1	2	1	0
284	3	4	6	6	1
284	4	2	5	5	1
284	5	1	4	1	0
284	6	2	3	3	1
284	7	3	1	3	0
284	8	6	3	6	0
284	9	2	6	6	1
284	10	1	5	5	1
284	11	5	4	5	0
284	12	1	6	6	1
284	13	6	5	6	0
284	14	2	4	2	0
284	15	4	3	3	1
284	16	3	6	6	1
284	17	2	3	2	0
284	18	3	5	5	1
284	19	5	2	5	0
284	20	4	5	5	1
284	21	6	4	6	0
284	22	5	6	6	1
284	23	4	3	3	1
284	24	1	2	1	0
284	25	2	4	2	0
284	26	6	2	6	0
284	27	1	5	5	1
284	28	6	1	6	0
284	29	1	4	1	0
284	30	3	1	1	1
284	31	2	4	4	1
284	32	4	6	6	1
284	33	3	5	3	0
284	34	4	3	3	1
284	35	6	2	6	0
284	36	3	6	3	0
284	37	1	3	3	1
284	38	5	6	6	1
284	39	2	3	3	1
284	40	1	2	1	0
284	41	4	5	5	1
284	42	1	4	4	1
284	43	6	1	6	0
284	44	1	5	5	1
284	45	5	2	5	0
285	1	2	5	2	0
285	2	1	3	1	0
285	3	4	6	4	0
285	4	6	3	3	1
285	5	2	6	2	0
285	6	6	1	1	1
285	7	4	5	4	0
285	8	3	4	4	1
285	9	1	5	1	0
285	10	4	1	4	0
285	11	2	3	2	0
285	12	1	2	2	1
285	13	3	5	3	0
285	14	2	4	2	0
285	15	5	6	6	1
285	16	3	4	4	1
285	17	2	5	2	0
285	19	2	4	2	0
285	20	4	1	1	1
285	21	1	6	1	0
285	22	5	1	1	1
285	23	4	5	4	0
285	24	2	3	2	0
285	25	3	1	1	1
285	26	5	6	6	1
285	27	6	4	4	1
285	28	3	6	6	1
285	29	5	3	3	1
285	30	2	6	2	0
285	31	6	1	1	1
285	32	3	4	4	1
285	33	1	2	2	1
285	34	2	3	2	0
285	35	6	4	4	1
285	36	4	2	2	1
285	37	5	4	4	1
285	38	3	5	3	0
285	39	5	2	2	1
285	40	6	5	6	0
285	41	3	6	3	0
285	42	5	1	1	1
285	43	2	6	2	0
285	44	4	1	1	1
285	45	1	3	1	0
286	1	4	5	4	0
286	2	1	6	6	1
286	3	2	3	2	0
286	4	3	4	4	1
286	5	2	6	2	0
286	6	1	3	1	0
286	7	5	6	6	1
286	8	3	5	5	1
286	9	6	3	6	0
286	10	1	5	5	1
286	11	4	1	4	0
286	12	6	4	4	1
286	13	2	5	2	0
286	14	4	2	2	1
286	15	2	1	2	0
286	16	1	6	6	1
286	17	3	1	1	1
286	18	5	6	6	1
286	19	4	5	4	0
286	20	2	4	2	0
286	21	3	2	2	1
286	22	6	3	6	0
286	23	3	5	3	0
286	24	4	3	4	0
286	25	6	4	4	1
286	26	2	5	2	0
286	27	1	2	2	1
286	28	5	1	5	0
286	29	1	4	4	1
286	30	2	6	2	0
286	31	3	1	3	0
286	32	2	3	2	0
286	33	6	2	2	1
286	34	2	5	5	1
286	35	4	3	4	0
286	36	6	4	4	1
286	37	4	5	5	1
286	38	5	1	5	0
286	39	1	2	2	1
286	40	5	6	5	0
286	41	3	5	5	1
286	42	6	3	6	0
286	43	1	6	6	1
286	44	4	1	4	0
286	45	2	4	2	0
287	1	2	5	5	1
287	2	1	4	4	1
287	3	3	6	3	0
287	4	5	3	5	0
287	5	3	4	4	1
287	6	4	6	6	1
287	7	5	4	5	0
287	8	1	6	1	0
287	9	2	3	3	1
287	10	5	6	5	0
287	11	1	2	2	1
287	12	2	4	4	1
287	13	6	2	2	1
287	14	1	5	1	0
287	15	3	1	1	1
287	16	1	5	5	1
287	17	2	1	1	1
287	18	3	2	3	0
287	19	4	3	4	0
287	20	6	4	4	1
287	21	2	5	2	0
287	22	1	6	1	0
287	23	4	1	1	1
287	24	2	4	4	1
287	25	3	6	3	0
287	26	6	2	2	1
287	27	3	1	1	1
287	28	5	6	5	0
287	29	4	5	5	1
287	30	5	3	5	0
287	31	4	1	1	1
287	32	5	6	5	0
287	33	6	1	1	1
287	34	5	3	3	1
287	35	3	2	3	0
287	36	4	5	4	0
287	37	3	4	4	1
287	38	4	6	4	0
287	39	6	2	2	1
287	40	2	1	1	1
287	41	4	2	2	1
287	42	3	1	1	1
287	43	2	5	5	1
287	44	3	6	3	0
287	45	1	5	1	0
288	1	2	6	2	0
288	2	1	3	1	0
288	3	4	5	4	0
288	4	2	3	2	0
288	5	5	2	2	1
288	6	2	1	1	1
288	7	4	2	2	1
288	8	3	6	3	0
288	9	4	3	4	0
288	10	1	6	1	0
288	11	4	1	1	1
288	12	5	6	5	0
288	13	3	5	5	1
288	14	4	6	4	0
288	15	1	5	1	0
288	16	5	4	4	1
288	17	3	5	5	1
288	18	6	3	3	1
288	19	1	5	1	0
288	20	2	6	2	0
288	21	4	2	4	0
288	22	1	6	1	0
288	23	4	1	1	1
288	24	1	3	1	0
288	25	5	2	2	1
288	26	4	6	4	0
288	27	3	4	4	1
288	28	2	1	1	1
288	29	5	6	5	0
288	30	2	3	2	0
288	31	3	6	3	0
288	33	2	6	2	0
288	34	5	2	2	1
288	35	2	4	2	0
288	36	4	5	4	0
288	37	6	4	4	1
288	38	1	5	1	0
288	39	5	3	5	0
288	40	3	4	4	1
288	41	1	3	1	0
288	42	5	6	5	0
288	43	2	1	1	1
288	44	3	2	2	1
288	45	1	6	1	0
