subject_ID	trial_num	left	right	chose	left0right1
22	1	3	4	4	1
22	2	2	6	6	1
22	3	6	5	5	1
22	4	2	3	3	1
22	5	4	5	5	1
22	6	1	3	1	0
22	7	2	1	1	1
22	8	3	5	3	0
22	9	4	6	6	1
22	10	1	4	1	0
22	11	2	5	5	1
22	12	4	2	4	0
22	13	1	5	1	0
22	14	6	1	1	1
22	15	3	6	3	0
22	16	2	5	5	1
22	17	6	2	6	0
22	18	4	6	6	1
22	19	6	3	3	1
22	20	3	1	3	0
22	21	4	3	3	1
22	22	1	4	1	0
22	23	4	2	4	0
22	24	1	5	1	0
22	25	2	1	1	1
22	26	4	5	5	1
22	27	5	3	3	1
22	28	6	1	1	1
22	29	5	6	6	1
22	30	2	3	3	1
22	31	3	1	3	0
22	32	1	4	1	0
22	33	5	3	3	1
22	34	2	1	1	1
22	35	3	2	3	0
22	36	4	6	6	1
22	37	6	1	1	1
22	38	2	6	6	1
22	39	6	5	6	0
22	40	5	2	5	0
22	41	1	5	1	0
22	42	5	4	5	0
22	43	6	3	3	1
22	44	4	2	4	0
22	45	3	4	3	0
23	1	1	4	1	0
23	2	3	5	3	0
23	3	4	3	3	1
23	4	1	5	1	0
23	5	2	4	4	1
23	6	3	6	3	0
23	7	4	5	4	0
23	8	1	6	1	0
23	9	6	4	6	0
23	10	1	3	1	0
23	11	5	6	6	1
23	12	2	3	3	1
23	13	5	2	2	1
23	14	2	6	6	1
23	15	1	2	1	0
23	16	5	1	1	1
23	17	1	2	1	0
23	18	6	4	6	0
23	19	2	6	6	1
23	20	1	3	1	0
23	21	3	4	3	0
23	22	4	2	4	0
23	23	5	6	6	1
23	24	4	5	4	0
23	25	3	6	3	0
23	26	5	2	5	0
23	27	2	3	3	1
23	28	1	4	1	0
23	29	6	1	1	1
23	30	3	5	3	0
23	31	2	3	3	1
23	32	3	4	3	0
23	33	4	6	6	1
23	34	3	5	3	0
23	35	6	3	3	1
23	36	5	1	1	1
23	37	1	4	1	0
23	38	2	1	1	1
23	39	1	3	1	0
23	40	4	5	4	0
23	41	5	6	6	1
23	42	6	2	6	0
23	43	2	4	4	1
23	44	5	2	5	0
23	45	6	1	6	0
24	1	3	4	4	1
24	2	2	3	2	0
24	3	1	5	5	1
24	4	3	1	3	0
24	5	2	4	2	0
24	6	4	6	4	0
24	7	6	5	5	1
24	8	5	4	4	1
24	9	1	2	2	1
24	10	2	5	2	0
24	11	1	6	1	0
24	12	4	1	4	0
24	13	3	6	3	0
24	14	6	2	2	1
24	15	3	5	5	1
24	16	1	2	2	1
24	17	3	4	4	1
24	18	4	2	4	0
24	19	3	1	3	0
24	20	1	4	4	1
24	21	6	2	2	1
24	22	5	4	4	1
24	23	6	5	5	1
24	24	4	6	4	0
24	25	2	3	2	0
24	26	1	6	1	0
24	27	2	5	2	0
24	28	5	1	5	0
24	29	3	6	3	0
24	30	5	3	5	0
24	31	2	5	2	0
24	32	4	6	4	0
24	33	2	3	2	0
24	34	1	2	2	1
24	35	2	4	2	0
24	36	6	2	2	1
24	37	5	1	5	0
24	38	1	3	3	1
24	39	3	5	5	1
24	40	5	4	4	1
24	41	4	3	4	0
24	42	1	4	4	1
24	43	6	1	1	1
24	44	5	6	5	0
24	45	6	3	3	1
25	1	1	2	1	0
25	2	2	6	6	1
25	3	6	1	1	1
25	4	4	5	4	0
25	5	2	3	3	1
25	6	3	6	3	0
25	7	6	4	4	1
25	8	4	2	4	0
25	9	5	6	6	1
25	10	1	3	1	0
25	11	3	5	3	0
25	12	5	1	1	1
25	13	3	4	4	1
25	14	4	1	4	0
25	15	2	5	2	0
25	16	5	6	6	1
25	17	1	2	1	0
25	18	4	1	4	0
25	19	2	3	2	0
25	20	6	2	6	0
25	21	2	4	4	1
25	22	4	5	4	0
25	23	5	1	1	1
25	24	1	6	1	0
25	25	6	4	4	1
25	26	1	3	1	0
25	27	2	5	2	0
25	28	3	6	6	1
25	29	4	3	4	0
25	30	3	5	3	0
25	31	2	3	2	0
25	32	3	6	6	1
25	33	6	2	2	1
25	34	4	3	4	0
25	35	5	1	1	1
25	36	2	5	2	0
25	37	5	3	3	1
25	38	2	4	4	1
25	39	4	6	4	0
25	40	6	1	1	1
25	41	4	5	4	0
25	42	5	6	6	1
25	43	4	1	4	0
25	44	1	3	1	0
25	45	2	1	1	1
26	1	2	3	2	0
26	2	1	4	4	1
26	3	3	5	3	0
26	4	2	4	4	1
26	5	4	6	4	0
26	6	2	5	2	0
26	7	1	6	1	0
26	8	6	5	5	1
26	9	1	2	2	1
26	10	3	1	1	1
26	11	1	5	1	0
26	12	5	4	4	1
26	13	2	6	2	0
26	14	3	4	4	1
26	15	6	3	3	1
26	16	2	4	2	0
26	17	1	2	1	0
26	18	6	5	6	0
26	19	5	4	4	1
26	20	3	1	1	1
26	21	4	6	4	0
26	22	2	3	2	0
26	23	3	4	4	1
26	24	6	3	3	1
26	25	3	5	3	0
26	26	5	1	1	1
26	27	2	5	5	1
26	28	1	4	4	1
26	29	2	6	2	0
26	30	6	1	1	1
26	31	1	3	1	0
26	32	3	4	4	1
26	33	5	1	1	1
26	34	1	6	1	0
26	35	6	5	5	1
26	36	1	4	4	1
26	37	2	5	2	0
26	38	6	3	3	1
26	39	3	5	3	0
26	40	2	4	4	1
26	41	1	2	1	0
26	42	5	4	4	1
26	43	4	6	4	0
26	44	2	3	3	1
26	45	6	2	2	1
27	1	3	4	4	1
27	2	2	6	2	0
27	3	6	5	5	1
27	4	2	3	2	0
27	5	4	5	5	1
27	6	1	3	3	1
27	7	2	1	2	0
27	8	3	5	5	1
27	9	4	6	4	0
27	10	1	4	4	1
27	11	2	5	2	0
27	12	4	2	4	0
27	13	1	5	5	1
27	14	6	1	6	0
27	15	3	6	3	0
27	16	2	5	2	0
27	17	6	2	2	1
27	18	4	6	4	0
27	19	6	3	3	1
27	20	3	1	3	0
27	21	4	3	3	1
27	22	1	4	1	0
27	23	4	2	2	1
27	24	1	5	5	1
27	25	2	1	1	1
27	26	4	5	5	1
27	27	5	3	5	0
27	28	6	1	6	0
27	29	5	6	5	0
27	30	2	3	3	1
27	31	3	1	1	1
27	32	1	4	1	0
27	33	5	3	3	1
27	34	2	1	1	1
27	35	3	2	3	0
27	36	4	6	6	1
27	37	6	1	1	1
27	38	2	6	6	1
27	39	6	5	5	1
27	40	5	2	5	0
27	41	1	5	5	1
27	42	5	4	5	0
27	43	6	3	3	1
27	44	4	2	4	0
27	45	3	4	3	0
30	1	4	5	5	1
30	2	6	4	6	0
30	3	1	5	5	1
30	4	5	6	6	1
30	5	3	5	5	1
30	6	4	3	3	1
30	7	3	2	3	0
30	8	2	5	5	1
30	9	1	6	6	1
30	10	4	1	1	1
30	11	2	6	6	1
30	12	1	3	1	0
30	13	2	1	1	1
30	14	3	6	6	1
30	15	2	4	2	0
30	16	3	6	6	1
30	17	1	5	5	1
30	18	5	6	6	1
30	19	6	4	6	0
30	20	4	3	3	1
30	21	2	1	1	1
30	22	1	6	6	1
30	23	2	4	2	0
30	24	3	5	5	1
30	25	2	3	3	1
30	26	6	2	6	0
30	27	2	5	5	1
30	28	4	1	1	1
30	29	1	3	1	0
30	30	4	5	5	1
30	31	2	4	2	0
30	32	1	3	1	0
30	33	6	2	6	0
30	34	5	6	5	0
30	35	1	5	5	1
30	36	2	1	1	1
30	37	4	5	5	1
30	38	3	4	3	0
30	39	4	1	1	1
30	40	3	5	5	1
30	41	5	2	5	0
30	42	2	3	3	1
30	43	3	6	6	1
30	44	6	1	6	0
30	45	4	6	6	1
31	1	3	6	3	0
31	2	4	5	4	0
31	3	2	3	2	0
31	4	1	4	4	1
31	5	5	1	5	0
31	6	1	3	1	0
31	7	4	6	4	0
31	8	6	1	1	1
31	9	1	2	2	1
31	10	2	5	2	0
31	11	5	6	5	0
31	12	2	4	4	1
31	13	3	5	5	1
31	14	2	6	2	0
31	15	3	4	4	1
31	16	6	3	3	1
31	17	2	5	2	0
31	18	4	6	4	0
31	19	5	4	4	1
31	20	6	5	5	1
31	21	2	4	4	1
31	22	1	3	1	0
31	23	3	5	5	1
31	24	2	3	2	0
31	25	6	2	2	1
31	26	2	1	2	0
31	27	1	5	5	1
31	28	3	4	4	1
31	29	4	1	4	0
31	30	1	6	1	0
31	31	6	4	4	1
31	32	2	6	2	0
31	33	6	5	5	1
31	34	5	3	5	0
31	35	2	1	2	0
31	36	1	4	4	1
31	37	6	1	1	1
31	38	1	3	1	0
31	39	2	4	4	1
31	40	6	3	3	1
31	41	3	4	4	1
31	42	4	5	4	0
31	43	5	1	5	0
31	44	2	3	2	0
31	45	5	2	2	1
32	1	1	3	1	0
32	2	2	1	1	1
32	3	4	5	5	1
32	4	5	2	5	0
32	5	3	4	3	0
32	6	1	5	1	0
32	7	6	1	6	0
32	8	5	6	6	1
32	9	1	4	4	1
32	10	4	6	6	1
32	11	2	3	3	1
32	12	6	2	6	0
32	13	2	4	4	1
32	14	3	6	3	0
32	15	5	3	5	0
32	16	6	1	1	1
32	17	1	4	1	0
32	18	5	1	1	1
32	19	2	5	5	1
32	20	4	6	6	1
32	21	2	1	1	1
32	22	3	6	6	1
32	23	4	3	4	0
32	24	6	2	6	0
32	25	2	4	4	1
32	26	5	3	3	1
32	27	4	5	4	0
32	28	1	3	1	0
32	29	3	2	3	0
32	30	5	6	6	1
32	31	1	5	1	0
32	32	3	1	1	1
32	33	1	4	1	0
32	34	4	6	6	1
32	35	5	4	4	1
32	36	2	1	1	1
32	37	4	2	4	0
32	38	6	1	1	1
32	39	3	2	3	0
32	40	2	6	6	1
32	41	6	5	6	0
32	42	5	2	5	0
32	43	4	3	3	1
32	44	3	5	5	1
32	45	6	3	6	0
33	1	2	5	2	0
33	2	1	3	1	0
33	3	2	6	6	1
33	4	6	4	6	0
33	5	4	3	4	0
33	6	1	6	6	1
33	7	6	5	6	0
33	8	2	4	4	1
33	9	3	5	5	1
33	10	1	2	1	0
33	11	4	5	5	1
33	12	3	6	6	1
33	13	1	4	1	0
33	14	2	3	2	0
33	15	1	5	1	0
33	16	2	6	6	1
33	17	1	2	1	0
33	18	3	1	1	1
33	19	1	4	1	0
33	20	2	5	2	0
33	21	3	2	3	0
33	22	2	4	4	1
33	23	1	6	6	1
33	24	3	5	5	1
33	25	6	4	6	0
33	26	1	5	1	0
33	27	5	4	4	1
33	28	6	5	6	0
33	29	4	3	4	0
33	30	3	6	6	1
33	31	1	4	1	0
33	32	4	3	4	0
33	33	2	5	2	0
33	34	5	3	5	0
33	35	2	4	4	1
33	36	4	5	4	0
33	37	1	6	1	0
33	38	6	5	6	0
33	39	2	6	6	1
33	40	6	4	6	0
33	41	1	5	1	0
33	42	2	1	1	1
33	43	3	6	6	1
33	44	1	3	1	0
33	45	3	2	3	0
34	1	1	3	1	0
34	2	2	4	4	1
34	3	3	2	3	0
34	4	5	3	5	0
34	5	4	6	4	0
34	6	1	2	1	0
34	7	4	5	4	0
34	8	1	4	4	1
34	9	4	3	4	0
34	10	1	6	1	0
34	11	6	5	5	1
34	12	5	1	1	1
34	13	2	5	5	1
34	14	3	6	6	1
34	15	6	2	6	0
34	16	2	1	1	1
34	17	1	3	1	0
34	18	4	5	4	0
34	19	6	2	6	0
34	20	5	6	5	0
34	21	6	3	3	1
34	22	1	6	1	0
34	23	5	3	3	1
34	24	1	5	1	0
34	25	4	1	4	0
34	26	3	4	4	1
34	27	4	2	4	0
34	28	2	3	3	1
34	29	4	6	4	0
34	30	2	5	5	1
34	31	3	4	4	1
34	32	5	3	3	1
34	33	3	6	3	0
34	34	4	1	4	0
34	35	1	5	1	0
34	36	2	3	3	1
34	37	1	6	1	0
34	38	2	1	1	1
34	39	5	6	5	0
34	40	6	2	6	0
34	41	1	3	1	0
34	42	4	5	4	0
34	43	5	2	5	0
34	44	2	4	4	1
34	45	4	6	4	0
35	1	4	6	4	0
35	2	1	4	4	1
35	3	2	5	2	0
35	4	5	3	5	0
35	5	1	2	2	1
35	6	3	1	1	1
35	7	6	3	6	0
35	8	2	4	4	1
35	9	4	5	4	0
35	10	2	3	2	0
35	11	6	2	2	1
35	12	5	6	5	0
35	13	6	1	1	1
35	14	1	5	5	1
35	15	3	4	4	1
35	16	6	1	1	1
35	17	2	4	2	0
35	18	6	3	3	1
35	19	3	4	4	1
35	20	2	3	2	0
35	21	1	4	4	1
35	22	2	1	2	0
35	23	4	5	4	0
35	24	5	6	5	0
35	25	1	5	5	1
35	26	5	3	5	0
35	27	2	5	2	0
35	28	4	6	4	0
35	29	6	2	2	1
35	30	3	1	1	1
35	31	5	3	5	0
35	32	3	4	4	1
35	33	6	3	3	1
35	34	3	1	1	1
35	35	4	5	4	0
35	36	2	1	2	0
35	37	1	6	1	0
35	38	5	1	5	0
35	39	2	5	2	0
35	40	6	2	2	1
35	41	1	4	4	1
35	42	2	3	2	0
35	43	4	6	4	0
35	44	2	4	4	1
35	45	5	6	5	0
36	1	3	6	6	1
36	2	2	5	2	0
36	3	5	6	6	1
36	4	6	4	6	0
36	5	3	5	5	1
36	6	1	4	1	0
36	7	3	1	1	1
36	8	4	3	3	1
36	9	2	6	6	1
36	10	3	2	3	0
36	11	2	4	4	1
36	12	1	6	6	1
36	13	5	1	1	1
36	14	4	5	4	0
36	15	1	2	1	0
36	16	2	6	6	1
36	17	6	3	6	0
36	18	1	6	1	0
36	19	6	4	6	0
36	20	4	1	1	1
36	21	5	4	4	1
36	22	4	2	4	0
36	23	5	6	6	1
36	24	1	2	1	0
36	25	2	5	5	1
36	26	5	1	1	1
36	27	3	5	3	0
36	28	4	3	3	1
36	29	3	1	1	1
36	30	2	3	3	1
36	31	1	6	1	0
36	32	6	2	6	0
36	33	4	1	1	1
36	34	1	5	1	0
36	35	6	4	6	0
36	36	1	2	1	0
36	37	3	1	1	1
36	38	5	4	5	0
36	39	6	3	6	0
36	40	4	2	4	0
36	41	5	6	6	1
36	42	3	5	3	0
36	43	4	3	3	1
36	44	3	2	3	0
36	45	2	5	5	1
38	1	1	4	1	0
38	2	4	2	4	0
38	3	6	4	4	1
38	4	5	6	6	1
38	5	4	5	4	0
38	7	2	1	2	0
38	8	1	6	6	1
38	9	2	3	3	1
38	10	3	6	6	1
38	11	5	3	3	1
38	12	2	5	2	0
38	13	5	1	1	1
38	14	2	6	6	1
38	15	3	4	4	1
38	16	2	6	6	1
38	17	1	3	1	0
38	18	5	6	6	1
38	19	2	1	1	1
38	20	1	6	6	1
38	21	5	1	1	1
38	22	2	3	3	1
38	23	4	5	4	0
38	24	6	4	6	0
38	25	4	2	4	0
38	26	5	3	3	1
38	27	2	5	5	1
38	28	3	4	3	0
38	29	6	3	6	0
38	30	1	4	1	0
38	31	5	6	6	1
38	32	6	1	6	0
38	33	1	2	1	0
38	34	3	4	3	0
38	35	4	1	1	1
38	36	5	3	3	1
38	37	3	6	6	1
38	38	4	2	4	0
38	39	1	3	1	0
38	40	2	5	2	0
38	41	5	4	4	1
38	42	4	6	6	1
38	43	5	1	1	1
38	44	2	3	3	1
38	45	6	2	6	0
39	1	1	4	1	0
39	2	3	6	6	1
39	3	2	3	2	0
39	4	1	2	1	0
39	5	2	4	2	0
39	6	1	6	1	0
39	7	3	1	1	1
39	8	4	3	3	1
39	9	1	5	1	0
39	10	5	6	6	1
39	11	6	2	2	1
39	12	4	6	6	1
39	13	5	4	4	1
39	14	2	5	5	1
39	15	3	5	3	0
39	16	3	5	3	0
39	17	6	2	2	1
39	18	2	4	2	0
39	19	4	6	6	1
39	20	1	5	1	0
39	21	2	1	1	1
39	22	5	4	5	0
39	23	1	6	1	0
39	24	2	5	5	1
39	25	1	4	1	0
39	26	5	6	6	1
39	27	4	3	3	1
39	28	3	1	3	0
39	29	2	3	3	1
39	30	3	6	3	0
39	31	2	5	2	0
39	32	3	2	3	0
39	33	5	4	5	0
39	34	3	6	3	0
39	35	1	3	1	0
39	36	6	1	1	1
39	37	2	4	2	0
39	38	1	5	1	0
39	39	2	1	1	1
39	40	6	2	2	1
39	41	3	5	3	0
39	42	4	3	3	1
39	43	6	4	6	0
39	44	5	6	5	0
39	45	1	4	1	0
40	1	2	4	4	1
40	2	5	2	2	1
40	3	1	3	1	0
40	4	5	6	5	0
40	5	6	1	1	1
40	6	1	5	1	0
40	7	5	3	5	0
40	8	1	2	1	0
40	9	3	4	4	1
40	10	2	6	6	1
40	11	4	5	4	0
40	12	3	6	6	1
40	13	2	3	3	1
40	14	4	6	4	0
40	15	1	4	1	0
40	16	5	1	1	1
40	17	2	6	6	1
40	18	3	4	3	0
40	19	2	3	3	1
40	20	1	4	1	0
40	21	3	6	3	0
40	22	5	3	5	0
40	23	3	1	1	1
40	24	2	4	4	1
40	25	1	2	1	0
40	26	5	6	5	0
40	27	2	5	5	1
40	28	6	1	1	1
40	29	4	6	4	0
40	30	5	4	4	1
40	31	1	2	1	0
40	32	3	1	3	0
40	33	1	4	1	0
40	34	2	6	6	1
40	35	3	4	3	0
40	36	4	2	4	0
40	37	3	6	3	0
40	38	6	5	5	1
40	39	5	3	3	1
40	40	4	5	5	1
40	41	2	3	3	1
40	42	5	2	5	0
40	43	4	6	6	1
40	44	5	1	1	1
40	45	1	6	1	0
41	1	2	3	3	1
41	2	4	6	6	1
41	3	5	4	5	0
41	4	1	3	1	0
41	5	2	4	4	1
41	6	3	6	3	0
41	7	2	5	5	1
41	8	3	4	3	0
41	9	2	6	6	1
41	10	1	4	1	0
41	11	2	1	1	1
41	12	5	6	6	1
41	13	3	5	3	0
41	14	1	6	1	0
41	15	5	1	1	1
41	16	4	5	5	1
41	17	2	6	6	1
41	18	6	5	6	0
41	19	2	4	4	1
41	20	1	2	1	0
41	21	5	1	1	1
41	22	3	5	3	0
41	23	4	3	3	1
41	24	3	1	1	1
41	25	4	6	6	1
41	26	2	3	3	1
41	27	3	6	6	1
41	28	1	4	1	0
41	29	6	1	1	1
41	30	2	5	5	1
41	31	5	3	3	1
41	32	1	2	1	0
41	33	4	5	4	0
41	35	4	1	1	1
41	36	2	3	3	1
41	37	6	2	6	0
41	38	5	1	1	1
41	39	4	3	3	1
41	40	2	4	4	1
41	41	5	2	5	0
41	42	3	1	1	1
41	43	6	5	6	0
41	44	3	6	3	0
41	45	6	1	1	1
42	1	1	6	6	1
42	2	3	4	4	1
42	3	4	6	6	1
42	4	6	5	6	0
42	5	5	1	1	1
42	6	3	5	5	1
42	7	1	4	1	0
42	8	4	2	4	0
42	9	2	5	2	0
42	10	1	2	2	1
42	11	2	6	6	1
42	12	3	2	3	0
42	13	4	5	4	0
42	14	1	3	1	0
42	15	3	6	6	1
42	16	1	3	1	0
42	17	2	1	1	1
42	18	3	5	5	1
42	19	4	2	4	0
42	20	2	6	6	1
42	21	3	4	4	1
42	22	6	3	6	0
42	23	4	5	5	1
42	24	6	4	6	0
42	25	5	6	6	1
42	26	1	4	1	0
42	27	3	2	3	0
42	28	2	5	5	1
42	29	5	1	1	1
42	30	1	6	6	1
42	31	6	2	6	0
42	32	4	6	6	1
42	33	2	4	2	0
42	34	5	2	2	1
42	35	1	3	1	0
42	36	4	1	1	1
42	37	5	4	5	0
42	38	2	1	1	1
42	39	3	2	2	1
42	40	6	3	6	0
42	41	5	6	6	1
42	42	6	1	6	0
42	43	3	5	5	1
42	44	5	1	1	1
42	45	3	4	4	1
43	1	1	6	1	0
43	2	3	5	3	0
43	3	5	4	4	1
43	4	1	3	1	0
43	5	4	1	1	1
43	6	3	6	3	0
43	7	1	5	1	0
43	8	2	6	2	0
43	9	4	2	2	1
43	10	3	4	3	0
43	11	2	3	3	1
43	12	4	6	4	0
43	13	6	5	6	0
43	14	5	2	5	0
43	15	2	1	1	1
43	16	1	4	1	0
43	17	5	2	5	0
43	18	2	4	4	1
43	19	1	2	1	0
43	20	3	5	3	0
43	22	6	4	6	0
43	23	5	6	5	0
43	24	6	2	6	0
43	25	1	5	1	0
43	26	3	6	3	0
43	27	2	3	3	1
43	28	3	1	1	1
43	29	5	4	5	0
43	30	1	6	1	0
43	31	3	1	1	1
43	32	6	4	6	0
43	33	1	2	1	0
43	34	2	6	6	1
43	35	1	4	1	0
43	36	5	1	1	1
43	37	2	5	5	1
43	38	1	6	1	0
43	39	6	5	6	0
43	40	3	6	3	0
43	41	5	4	5	0
43	42	3	5	3	0
43	43	4	3	3	1
43	44	2	4	2	0
43	45	3	2	3	0
44	1	5	6	5	0
44	2	1	4	1	0
44	5	1	6	1	0
44	6	3	1	1	1
44	7	1	2	1	0
44	8	2	6	6	1
44	9	4	5	5	1
44	10	2	4	4	1
44	11	4	6	6	1
44	12	3	4	3	0
44	13	1	5	1	0
44	14	5	2	5	0
44	15	3	6	6	1
44	16	5	3	3	1
44	17	1	4	1	0
44	18	5	6	6	1
44	19	6	2	6	0
44	20	3	4	3	0
44	21	1	6	1	0
44	22	2	4	4	1
44	23	5	2	5	0
44	24	1	5	1	0
44	25	2	3	2	0
44	26	4	5	5	1
44	27	3	1	3	0
44	28	1	2	1	0
44	29	3	6	3	0
44	30	6	4	4	1
44	31	5	2	5	0
44	32	2	4	4	1
44	33	1	6	1	0
44	34	6	4	6	0
44	35	4	5	4	0
44	36	5	1	1	1
44	37	1	4	1	0
44	38	3	6	3	0
44	39	4	3	3	1
44	40	3	5	3	0
44	41	2	3	3	1
44	42	6	2	6	0
44	43	3	1	3	0
44	44	5	6	6	1
44	45	1	2	1	0
45	1	2	3	3	1
45	2	1	4	1	0
45	3	3	5	3	0
45	4	2	4	4	1
45	5	4	6	6	1
45	6	2	5	5	1
45	7	1	6	1	0
45	8	6	5	5	1
45	9	1	2	1	0
45	10	3	1	3	0
45	11	1	5	1	0
45	12	5	4	5	0
45	13	2	6	6	1
45	14	3	4	3	0
45	15	6	3	3	1
45	16	2	4	2	0
45	17	1	2	1	0
45	18	6	5	5	1
45	19	5	4	5	0
45	20	3	1	3	0
45	21	4	6	6	1
45	23	3	4	3	0
45	24	6	3	3	1
45	25	3	5	3	0
45	26	5	1	1	1
45	27	2	5	5	1
45	28	1	4	1	0
45	29	2	6	6	1
45	30	6	1	1	1
45	31	1	3	3	1
45	32	3	4	3	0
45	33	5	1	1	1
45	34	1	6	1	0
45	35	6	5	5	1
45	36	1	4	1	0
45	37	2	5	5	1
45	38	6	3	3	1
45	39	3	5	3	0
45	40	2	4	4	1
45	41	1	2	1	0
45	42	5	4	5	0
45	43	4	6	6	1
45	44	2	3	3	1
46	1	3	4	4	1
46	2	2	6	6	1
46	3	6	5	6	0
46	4	2	3	2	0
46	5	4	5	4	0
46	6	1	3	1	0
46	7	2	1	1	1
46	8	3	5	3	0
46	9	4	6	6	1
46	10	1	4	4	1
46	11	2	5	2	0
46	12	4	2	4	0
46	13	1	5	1	0
46	14	6	1	6	0
46	15	3	6	6	1
46	16	2	5	2	0
46	17	6	2	6	0
46	18	4	6	4	0
46	19	6	3	6	0
46	20	3	1	1	1
46	21	4	3	4	0
46	22	1	4	4	1
46	23	4	2	4	0
46	24	1	5	1	0
46	25	2	1	1	1
46	26	4	5	4	0
46	27	5	3	3	1
46	28	6	1	6	0
46	29	5	6	6	1
46	30	2	3	2	0
46	31	3	1	1	1
46	32	1	4	1	0
46	33	5	3	3	1
46	34	2	1	1	1
46	35	3	2	2	1
46	36	4	6	6	1
46	37	6	1	6	0
46	38	2	6	6	1
46	39	6	5	6	0
46	40	5	2	2	1
46	41	1	5	1	0
46	42	5	4	4	1
46	43	6	3	6	0
46	44	4	2	4	0
46	45	3	4	4	1
47	1	2	6	6	1
47	2	1	3	1	0
47	3	2	1	1	1
47	4	3	2	3	0
47	5	5	3	3	1
47	6	6	5	6	0
47	7	5	4	5	0
47	8	4	3	3	1
47	9	2	5	5	1
47	10	4	6	6	1
47	11	1	4	1	0
47	12	4	2	4	0
47	13	1	5	1	0
47	14	3	6	6	1
47	15	6	1	1	1
47	16	4	6	6	1
47	17	2	4	4	1
47	18	4	3	3	1
47	19	2	5	5	1
47	20	1	3	1	0
47	21	6	5	6	0
47	22	3	2	3	0
47	24	2	1	1	1
47	25	1	4	1	0
47	26	5	1	1	1
47	27	1	6	1	0
47	28	5	3	3	1
47	29	2	6	6	1
47	30	5	4	5	0
47	31	4	1	1	1
47	32	2	4	4	1
47	33	1	2	1	0
47	34	6	5	6	0
47	35	5	4	5	0
47	36	2	6	6	1
47	37	6	4	6	0
47	38	2	5	5	1
47	39	5	3	5	0
47	40	1	5	1	0
47	41	4	3	3	1
47	42	1	6	1	0
47	43	3	2	3	0
47	44	6	3	6	0
47	45	3	1	1	1
48	1	3	5	3	0
48	2	5	4	5	0
48	3	1	2	1	0
48	4	6	1	1	1
48	5	4	6	6	1
48	6	6	3	6	0
48	7	5	6	6	1
48	8	2	5	2	0
48	9	3	4	3	0
48	10	2	6	6	1
48	11	1	5	1	0
48	12	4	1	1	1
48	13	2	4	2	0
48	14	3	2	3	0
48	15	3	1	1	1
48	16	3	1	1	1
48	17	5	6	6	1
48	18	3	4	3	0
48	19	4	5	5	1
48	20	2	4	2	0
48	21	6	2	6	0
48	22	3	6	6	1
48	23	6	4	6	0
48	24	1	2	1	0
48	25	2	3	3	1
48	26	6	1	1	1
48	27	3	5	3	0
48	28	5	2	2	1
48	29	4	1	1	1
48	30	1	5	1	0
48	31	6	2	6	0
48	32	3	4	3	0
48	33	6	1	1	1
48	34	1	2	1	0
48	35	3	5	3	0
48	36	2	3	3	1
48	37	4	2	2	1
48	38	5	6	6	1
48	39	1	5	1	0
48	40	6	4	6	0
48	41	3	6	3	0
48	42	4	5	5	1
48	43	5	2	2	1
48	44	3	1	3	0
48	45	1	4	1	0
49	1	3	4	4	1
49	2	2	3	2	0
49	3	1	5	1	0
49	4	3	1	1	1
49	5	2	4	2	0
49	6	4	6	4	0
49	7	6	5	5	1
49	8	5	4	5	0
49	9	1	2	2	1
49	10	2	5	5	1
49	11	1	6	1	0
49	12	4	1	1	1
49	13	3	6	3	0
49	14	6	2	2	1
49	15	3	5	5	1
49	16	1	2	1	0
49	17	3	4	3	0
49	18	4	2	4	0
49	19	3	1	3	0
49	20	1	4	1	0
49	21	6	2	2	1
49	22	5	4	5	0
49	23	6	5	5	1
49	24	4	6	6	1
49	25	2	3	3	1
49	26	1	6	1	0
49	27	2	5	2	0
49	28	5	1	5	0
49	29	3	6	3	0
49	30	5	3	5	0
49	31	2	5	2	0
49	32	4	6	6	1
49	33	2	3	2	0
49	34	1	2	2	1
49	35	2	4	2	0
49	36	6	2	2	1
49	37	5	1	1	1
49	38	1	3	1	0
49	39	3	5	3	0
49	40	5	4	5	0
49	41	4	3	3	1
49	42	1	4	1	0
49	43	6	1	1	1
49	44	5	6	5	0
49	45	6	3	3	1
50	1	2	4	4	1
50	2	1	5	1	0
50	3	3	6	6	1
50	4	6	1	6	0
50	5	1	2	1	0
50	6	3	1	1	1
50	8	3	4	4	1
50	9	4	1	1	1
50	10	5	6	6	1
50	11	3	5	3	0
50	12	2	6	6	1
50	13	3	2	3	0
50	14	2	5	5	1
50	15	4	6	6	1
50	16	6	2	6	0
50	17	4	5	5	1
50	18	3	1	1	1
50	19	4	6	6	1
50	20	6	5	6	0
50	21	2	4	4	1
50	22	3	2	3	0
50	23	4	1	1	1
50	24	1	2	1	0
50	25	5	1	1	1
50	26	1	6	6	1
50	27	6	3	6	0
50	28	3	4	3	0
50	29	5	3	3	1
50	30	2	5	5	1
50	31	4	6	6	1
50	32	5	1	1	1
50	33	1	3	1	0
50	34	4	5	5	1
50	35	5	3	3	1
50	36	3	2	3	0
50	37	1	6	6	1
50	38	2	1	1	1
50	39	6	3	6	0
50	40	2	5	5	1
50	41	4	1	1	1
50	42	6	5	6	0
50	43	2	4	4	1
50	44	4	3	3	1
50	45	6	2	6	0
51	1	3	6	3	0
51	2	6	4	4	1
51	4	3	4	3	0
51	5	1	3	1	0
51	6	4	5	5	1
51	7	1	2	1	0
51	8	2	5	5	1
51	9	5	1	1	1
51	10	1	6	1	0
51	11	2	4	2	0
51	12	3	2	3	0
51	13	5	3	3	1
51	14	1	4	1	0
51	15	5	6	6	1
51	16	3	2	3	0
51	17	5	1	1	1
51	18	2	4	2	0
51	19	6	2	2	1
51	20	4	5	5	1
51	21	1	4	1	0
51	22	3	1	1	1
51	23	5	6	6	1
51	24	2	5	5	1
51	25	6	4	6	0
51	26	1	6	1	0
51	27	2	1	1	1
51	28	3	6	3	0
51	29	5	3	3	1
51	30	3	4	3	0
51	31	4	5	5	1
51	32	2	4	4	1
51	33	5	2	2	1
51	34	2	6	6	1
51	35	3	4	3	0
51	36	4	6	6	1
51	37	6	1	1	1
51	38	1	5	1	0
51	39	5	6	6	1
51	40	3	1	1	1
51	41	1	4	1	0
51	42	3	6	3	0
51	43	2	3	3	1
51	44	3	5	3	0
51	45	2	1	1	1
52	1	3	4	4	1
52	2	4	1	1	1
52	3	1	3	1	0
52	4	6	1	1	1
52	5	3	6	6	1
52	6	2	4	4	1
52	7	1	5	1	0
52	8	5	4	4	1
52	9	2	3	3	1
52	10	4	6	4	0
52	11	3	5	3	0
52	12	2	6	6	1
52	13	6	5	6	0
52	14	5	2	5	0
52	15	2	1	1	1
52	16	5	4	4	1
52	17	4	3	3	1
52	18	3	6	6	1
52	19	6	2	6	0
52	20	4	1	1	1
52	21	1	2	1	0
52	22	2	3	3	1
52	23	4	6	4	0
52	24	6	1	1	1
52	25	5	2	5	0
52	26	2	4	4	1
52	27	1	5	1	0
52	28	5	6	6	1
52	29	1	3	1	0
52	30	3	5	3	0
52	31	5	4	4	1
52	32	2	3	3	1
52	33	3	1	1	1
52	34	4	3	3	1
52	35	5	6	6	1
52	36	4	1	1	1
52	37	6	2	6	0
52	38	3	5	3	0
52	39	5	1	1	1
52	40	3	6	3	0
52	41	6	4	6	0
52	42	5	2	5	0
52	43	2	1	1	1
52	44	4	2	4	0
52	45	6	1	1	1
101	1	1	3	1	0
101	2	3	4	3	0
101	3	1	5	5	1
101	4	6	1	1	1
101	5	5	6	5	0
101	6	1	4	1	0
101	7	2	5	5	1
101	8	3	6	3	0
101	9	5	3	5	0
101	10	2	4	2	0
101	11	1	2	1	0
101	12	4	5	5	1
101	13	6	4	6	0
101	14	2	3	3	1
101	15	6	2	2	1
101	16	3	4	3	0
101	17	6	2	2	1
101	18	5	6	5	0
101	19	2	3	3	1
101	20	4	5	5	1
101	21	1	3	1	0
101	22	2	1	1	1
101	23	5	3	5	0
101	24	6	4	6	0
101	25	4	1	1	1
101	26	2	5	5	1
101	27	4	2	2	1
101	28	1	5	5	1
101	29	6	1	1	1
101	30	3	6	3	0
101	31	2	5	5	1
101	32	6	2	2	1
101	33	4	6	6	1
101	34	6	3	3	1
101	35	3	1	1	1
101	36	4	3	3	1
101	37	1	4	1	0
101	38	4	2	2	1
101	39	1	5	5	1
101	40	2	1	1	1
101	41	4	5	5	1
101	42	5	3	5	0
101	43	6	1	1	1
101	45	2	3	3	1
102	1	1	3	3	1
102	2	4	1	1	1
102	3	3	5	3	0
102	4	1	2	1	0
102	5	2	3	3	1
102	6	4	6	6	1
102	7	6	1	1	1
102	8	2	6	6	1
102	9	6	5	6	0
102	10	5	2	5	0
102	11	1	5	1	0
102	12	5	4	5	0
102	13	3	6	3	0
102	14	2	4	4	1
102	15	4	3	3	1
102	16	2	6	6	1
102	17	1	3	3	1
102	18	2	1	1	1
102	19	3	2	3	0
102	20	5	3	3	1
102	21	6	5	6	0
102	22	5	4	5	0
102	23	4	3	3	1
102	24	5	2	5	0
102	25	4	6	6	1
102	26	1	4	1	0
102	27	4	2	4	0
102	28	1	5	1	0
102	29	3	6	3	0
102	30	6	1	1	1
102	31	4	6	6	1
102	32	2	4	4	1
102	33	4	3	3	1
102	34	5	2	5	0
102	35	1	3	3	1
102	36	6	5	6	0
102	37	3	2	3	0
102	38	6	3	3	1
102	39	2	1	1	1
102	40	1	4	1	0
102	41	5	1	1	1
102	42	1	6	1	0
102	43	5	3	3	1
102	44	2	6	6	1
102	45	5	4	4	1
103	1	2	3	3	1
103	2	1	4	1	0
103	3	3	5	5	1
103	4	2	4	2	0
103	5	4	6	6	1
103	6	2	5	5	1
103	7	1	6	6	1
103	8	6	5	6	0
103	9	1	2	1	0
103	10	3	1	3	0
103	11	1	5	1	0
103	12	5	4	5	0
103	13	2	6	6	1
103	14	3	4	3	0
103	15	6	3	6	0
103	16	2	4	2	0
103	17	1	2	1	0
103	18	6	5	6	0
103	19	5	4	5	0
103	20	3	1	1	1
103	21	4	6	6	1
103	22	2	3	3	1
103	23	3	4	3	0
103	24	6	3	6	0
103	25	3	5	3	0
103	26	5	1	1	1
103	27	2	5	5	1
103	28	1	4	1	0
103	29	2	6	6	1
103	30	6	1	6	0
103	31	1	3	1	0
103	32	3	4	3	0
103	33	5	1	1	1
103	34	1	6	6	1
103	35	6	5	6	0
103	36	1	4	1	0
103	37	2	5	5	1
103	38	6	3	6	0
103	39	3	5	3	0
103	40	2	4	2	0
103	41	1	2	1	0
103	42	5	4	5	0
103	43	4	6	6	1
103	44	2	3	3	1
103	45	6	2	6	0
123	1	4	6	4	0
123	2	1	3	1	0
123	3	2	5	2	0
123	4	4	2	4	0
123	5	2	6	6	1
123	6	1	5	1	0
123	7	5	6	6	1
123	8	6	3	6	0
123	9	3	4	4	1
123	10	1	2	1	0
123	11	3	5	3	0
123	12	2	3	3	1
123	13	4	5	4	0
123	14	1	4	1	0
123	15	6	1	1	1
123	16	1	5	1	0
123	17	4	6	4	0
123	18	1	2	1	0
123	19	6	3	6	0
123	20	1	4	1	0
123	21	3	5	3	0
123	22	1	3	1	0
123	23	2	5	5	1
123	24	6	2	6	0
123	25	3	4	4	1
123	26	2	3	3	1
123	27	6	1	1	1
123	28	4	5	4	0
123	29	2	4	4	1
123	30	5	6	6	1
123	31	6	2	6	0
123	32	1	3	1	0
123	33	3	4	4	1
123	34	4	2	4	0
123	35	5	4	4	1
123	36	3	5	3	0
123	37	5	6	6	1
123	38	1	5	1	0
123	39	5	2	2	1
123	41	1	2	1	0
123	42	6	3	6	0
123	43	1	6	1	0
123	44	4	1	1	1
123	45	2	3	3	1
124	1	4	5	5	1
124	2	1	6	1	0
124	3	2	3	3	1
124	4	3	1	1	1
124	5	5	6	6	1
124	6	3	5	3	0
124	7	2	4	4	1
124	8	4	1	1	1
124	9	1	2	1	0
124	10	5	1	1	1
124	11	3	6	6	1
124	12	6	2	6	0
124	13	3	4	4	1
124	14	4	6	6	1
124	15	2	5	5	1
124	16	4	6	6	1
124	17	1	4	1	0
124	18	2	3	3	1
124	19	5	2	5	0
124	20	1	6	6	1
124	21	3	4	4	1
124	22	6	2	6	0
124	23	3	6	6	1
124	24	1	3	1	0
124	25	2	1	1	1
124	26	4	2	4	0
124	27	5	1	1	1
124	28	3	5	5	1
124	29	5	6	6	1
124	30	4	5	4	0
124	31	1	6	6	1
124	32	4	1	1	1
124	33	3	5	5	1
124	34	2	3	3	1
124	35	1	2	1	0
124	36	4	5	5	1
124	37	5	1	1	1
124	38	2	5	5	1
124	39	3	6	6	1
124	40	4	3	3	1
124	41	6	2	6	0
124	42	2	4	4	1
124	43	5	6	6	1
124	44	6	4	6	0
124	45	1	3	1	0
125	1	4	5	4	0
125	2	1	3	1	0
125	3	2	6	6	1
125	4	3	5	3	0
125	5	6	3	6	0
125	6	1	2	1	0
125	7	2	5	5	1
125	8	3	4	3	0
125	9	2	3	3	1
125	10	1	4	1	0
125	11	6	1	6	0
125	12	4	6	6	1
125	13	6	5	6	0
125	14	5	1	1	1
125	15	2	4	2	0
125	16	1	2	1	0
125	17	3	4	3	0
125	18	5	1	1	1
125	19	1	4	1	0
125	20	3	1	1	1
125	21	4	5	5	1
125	23	3	2	3	0
125	24	6	1	6	0
125	25	2	5	5	1
125	26	4	6	6	1
125	27	6	3	6	0
125	28	2	6	6	1
125	29	3	5	3	0
125	30	5	6	6	1
125	31	3	2	3	0
125	32	5	3	3	1
125	33	1	4	1	0
125	34	4	2	2	1
125	35	6	1	6	0
125	36	2	5	5	1
125	37	3	1	3	0
125	38	1	5	1	0
125	39	5	6	6	1
125	40	3	4	3	0
125	41	4	6	6	1
125	42	5	4	5	0
125	43	6	3	6	0
125	44	1	2	1	0
125	45	2	6	6	1
126	1	3	4	3	0
126	2	1	6	6	1
126	3	2	5	5	1
126	4	1	3	3	1
126	5	2	4	2	0
126	6	5	6	6	1
126	7	3	5	3	0
126	8	5	4	5	0
126	9	4	1	1	1
126	10	2	6	6	1
126	11	6	3	3	1
126	12	3	2	3	0
126	13	4	6	6	1
126	14	1	2	1	0
126	15	5	1	1	1
126	16	6	3	3	1
126	17	2	4	2	0
126	18	5	1	1	1
126	19	3	4	3	0
126	20	2	6	6	1
126	21	6	1	1	1
126	22	1	3	3	1
126	23	3	2	3	0
126	24	5	4	5	0
126	25	2	5	5	1
126	26	4	6	6	1
126	27	3	5	3	0
126	28	4	1	1	1
126	29	1	2	1	0
126	30	5	6	6	1
126	31	2	4	4	1
126	32	6	2	6	0
126	33	2	5	5	1
126	34	3	4	3	0
126	35	5	6	6	1
126	36	1	2	1	0
126	37	4	1	1	1
126	38	6	4	6	0
126	39	3	6	3	0
126	40	6	1	6	0
126	41	5	4	5	0
126	42	1	3	3	1
126	43	3	5	3	0
126	44	2	3	3	1
126	45	5	1	1	1
127	1	2	5	5	1
127	2	1	4	4	1
127	3	3	6	6	1
127	4	6	5	6	0
127	5	5	4	5	0
127	7	3	1	1	1
127	8	2	6	6	1
127	9	1	2	1	0
127	10	6	1	1	1
127	11	2	4	4	1
127	12	4	6	6	1
127	13	3	5	3	0
127	14	4	3	3	1
127	15	3	2	3	0
127	16	6	5	6	0
127	17	3	2	3	0
127	18	6	1	1	1
127	19	2	5	5	1
127	20	5	4	5	0
127	21	1	2	1	0
127	22	5	1	1	1
127	23	2	6	6	1
127	24	4	2	2	1
127	25	3	5	3	0
127	26	1	3	1	0
127	27	3	4	3	0
127	28	4	6	6	1
127	29	6	3	6	0
127	30	1	4	1	0
127	31	4	3	3	1
127	32	6	4	6	0
127	33	3	2	3	0
127	34	2	4	2	0
127	35	6	1	1	1
127	36	1	2	1	0
127	37	6	5	6	0
127	38	1	3	1	0
127	39	5	1	1	1
127	40	4	5	4	0
127	41	2	6	6	1
127	42	5	2	5	0
127	43	3	5	3	0
127	44	6	3	3	1
127	45	1	4	1	0
128	1	3	6	6	1
128	2	1	4	1	0
128	3	2	5	5	1
128	4	5	1	5	0
128	5	3	5	5	1
128	6	5	6	6	1
128	7	3	4	3	0
128	8	4	2	2	1
128	9	2	3	3	1
128	10	6	2	6	0
128	11	4	5	5	1
128	12	1	3	3	1
128	13	2	1	1	1
128	14	1	6	6	1
128	15	6	4	6	0
128	16	4	1	1	1
128	17	3	6	6	1
128	18	6	2	6	0
128	19	4	6	6	1
128	20	2	3	3	1
128	21	1	2	1	0
128	23	1	6	6	1
128	24	3	4	3	0
128	25	5	3	5	0
128	26	2	5	5	1
128	27	1	3	3	1
128	28	5	6	6	1
128	29	4	5	5	1
128	30	5	1	5	0
128	31	4	5	5	1
128	32	1	6	6	1
128	33	6	5	6	0
128	34	5	3	5	0
128	35	2	5	5	1
128	36	1	2	1	0
128	37	2	4	2	0
128	38	3	2	3	0
128	39	1	3	3	1
128	40	3	4	3	0
128	41	5	1	5	0
128	42	4	6	6	1
128	43	6	2	6	0
128	44	4	1	1	1
128	45	3	6	6	1
129	1	3	5	3	0
129	2	1	6	1	0
129	3	2	4	2	0
129	4	4	6	6	1
129	5	5	4	5	0
129	6	1	5	1	0
129	7	5	2	5	0
129	8	2	6	6	1
129	9	1	4	1	0
129	10	3	1	3	0
129	11	5	6	5	0
129	12	2	3	3	1
129	13	3	6	3	0
129	14	4	3	3	1
129	15	1	2	1	0
129	16	4	3	3	1
129	17	6	4	6	0
129	18	4	5	5	1
129	19	2	6	6	1
129	20	3	1	3	0
129	21	1	4	1	0
129	22	2	3	3	1
129	23	1	6	1	0
129	24	6	5	5	1
129	25	5	3	3	1
129	26	1	2	1	0
129	27	3	6	3	0
129	28	5	2	5	0
129	29	2	4	2	0
129	30	1	5	1	0
129	31	4	1	1	1
129	32	2	4	2	0
129	33	6	2	6	0
129	34	3	6	3	0
129	35	5	2	5	0
129	36	3	1	3	0
129	37	4	3	3	1
129	38	1	2	1	0
129	39	5	3	3	1
129	40	1	5	1	0
129	41	5	6	5	0
129	42	6	4	6	0
129	43	4	5	5	1
129	44	2	3	3	1
129	45	1	6	1	0
130	1	2	4	4	1
130	2	1	3	1	0
130	3	5	6	5	0
130	4	1	2	1	0
130	5	2	3	3	1
130	6	4	5	5	1
130	7	3	4	3	0
130	8	1	6	1	0
130	9	4	1	1	1
130	10	2	6	2	0
130	11	3	5	5	1
130	12	4	6	6	1
130	13	6	3	3	1
130	14	1	5	5	1
130	15	5	2	5	0
130	17	4	1	4	0
130	18	5	4	5	0
130	19	6	3	3	1
130	20	1	5	5	1
130	21	2	4	2	0
130	22	5	2	5	0
130	23	1	6	1	0
130	24	6	2	6	0
130	25	4	6	6	1
130	26	1	3	1	0
130	27	5	6	5	0
130	28	3	4	3	0
130	29	2	3	3	1
130	30	1	2	1	0
130	31	5	4	5	0
130	32	6	2	6	0
130	33	3	6	3	0
130	34	4	3	3	1
130	35	1	4	1	0
130	36	6	1	6	0
130	37	4	6	6	1
130	38	1	2	1	0
130	39	5	1	5	0
130	40	2	4	2	0
130	41	3	5	5	1
130	42	1	3	1	0
130	43	5	2	5	0
130	44	2	3	2	0
130	45	5	6	5	0
131	1	3	6	3	0
131	2	1	2	1	0
131	3	4	5	5	1
131	4	3	4	3	0
131	5	1	6	1	0
131	7	2	6	2	0
131	8	1	4	1	0
131	9	3	1	1	1
131	10	5	6	5	0
131	11	2	5	5	1
131	12	5	3	5	0
131	13	1	5	5	1
131	14	2	4	2	0
131	15	3	2	3	0
131	16	1	5	1	0
131	17	5	2	5	0
131	18	1	6	1	0
131	19	4	5	5	1
131	20	6	4	6	0
131	21	2	6	6	1
131	22	1	4	1	0
131	23	3	6	3	0
131	24	5	3	3	1
131	25	3	2	3	0
131	26	2	1	1	1
131	27	4	2	2	1
131	28	5	6	5	0
131	29	3	4	3	0
131	30	1	3	1	0
131	31	3	4	3	0
131	32	2	1	1	1
131	33	1	4	1	0
131	34	5	2	5	0
131	35	3	5	3	0
131	36	1	3	1	0
131	37	2	6	6	1
131	38	4	2	2	1
131	39	1	6	1	0
131	40	3	2	2	1
131	41	1	5	1	0
131	42	6	4	6	0
131	43	5	6	5	0
131	44	4	5	5	1
131	45	3	6	3	0
132	1	4	6	4	0
132	2	1	2	1	0
132	3	3	5	3	0
132	4	5	6	6	1
132	5	4	5	4	0
132	6	3	4	4	1
132	7	1	5	1	0
132	8	2	4	4	1
132	9	5	2	2	1
132	10	3	6	3	0
132	11	2	3	3	1
132	12	1	6	1	0
132	13	3	1	3	0
132	14	2	6	6	1
132	15	1	4	4	1
132	16	4	2	4	0
132	17	6	4	4	1
132	18	5	2	5	0
132	19	3	1	3	0
132	20	1	4	4	1
132	21	2	6	6	1
132	22	3	2	3	0
132	23	1	6	1	0
132	24	2	1	1	1
132	25	3	4	4	1
132	26	5	3	3	1
132	27	1	5	1	0
132	28	5	4	4	1
132	29	6	5	6	0
132	30	6	3	3	1
132	31	6	3	3	1
132	32	1	6	6	1
132	33	5	2	2	1
132	34	6	4	4	1
132	35	4	3	4	0
132	36	3	5	3	0
132	37	2	1	1	1
132	38	1	5	1	0
132	40	2	6	6	1
132	41	1	4	4	1
132	42	6	5	6	0
132	43	5	4	4	1
132	44	4	2	4	0
132	45	3	1	3	0
133	1	2	5	5	1
133	2	1	4	1	0
133	3	3	6	6	1
133	4	1	3	1	0
133	5	3	4	4	1
133	6	4	2	4	0
133	7	1	6	1	0
133	8	2	1	1	1
133	9	3	5	5	1
133	10	5	6	5	0
133	11	4	5	4	0
133	12	2	3	3	1
133	13	1	5	1	0
133	14	4	6	4	0
133	15	2	6	6	1
133	16	2	6	6	1
133	17	5	2	5	0
133	18	2	3	3	1
133	19	3	1	1	1
133	20	5	3	5	0
133	21	3	6	3	0
133	22	4	3	4	0
133	23	1	5	1	0
133	24	6	1	1	1
133	25	4	5	4	0
133	26	1	4	1	0
133	27	4	2	4	0
133	28	2	1	1	1
133	29	4	6	4	0
133	30	6	5	6	0
133	31	2	3	3	1
133	32	3	5	3	0
133	33	5	1	1	1
133	35	6	3	6	0
133	36	1	6	1	0
133	37	4	3	4	0
133	40	3	1	1	1
133	41	5	2	5	0
133	42	6	5	6	0
133	43	5	4	4	1
133	44	2	1	1	1
133	45	1	4	1	0
134	1	4	6	4	0
134	2	1	5	1	0
134	3	2	3	3	1
134	4	4	5	5	1
134	5	1	3	1	0
134	6	5	6	5	0
134	7	6	2	6	0
134	8	2	1	1	1
134	9	1	4	4	1
134	10	6	1	6	0
134	11	2	5	5	1
134	12	4	2	4	0
134	13	3	5	5	1
134	14	4	3	4	0
134	15	3	6	6	1
134	16	6	2	6	0
134	17	4	3	4	0
134	18	5	4	5	0
134	19	1	5	5	1
134	20	3	1	3	0
134	21	2	3	3	1
134	22	4	2	4	0
134	23	2	1	1	1
134	24	3	5	3	0
134	25	6	1	1	1
134	26	1	4	4	1
134	27	3	6	3	0
134	28	2	5	5	1
134	29	4	6	4	0
134	30	6	5	5	1
134	31	1	4	1	0
134	32	6	2	6	0
134	33	2	5	5	1
134	34	1	2	1	0
134	35	5	4	5	0
134	36	4	2	4	0
134	38	5	6	5	0
134	39	2	3	3	1
134	40	3	4	4	1
134	41	6	3	6	0
134	42	1	5	5	1
134	43	5	3	5	0
134	44	4	6	6	1
134	45	3	1	1	1
135	1	2	6	2	0
135	2	1	4	1	0
135	3	3	5	3	0
135	4	4	3	3	1
135	5	1	6	1	0
135	6	4	5	5	1
135	7	2	3	3	1
135	8	4	2	2	1
135	9	1	3	1	0
135	10	5	6	6	1
135	11	6	4	6	0
135	12	2	5	2	0
135	13	5	1	1	1
135	14	1	2	1	0
135	15	6	3	3	1
135	16	6	3	6	0
135	17	1	2	1	0
135	18	5	6	6	1
135	19	1	3	1	0
135	20	6	1	1	1
135	21	2	3	3	1
135	22	1	4	1	0
135	23	4	5	5	1
135	24	5	2	2	1
135	25	2	4	2	0
135	26	6	2	2	1
135	27	3	5	3	0
135	28	4	3	3	1
135	29	5	1	1	1
135	30	6	4	4	1
135	31	1	6	6	1
135	32	5	2	2	1
135	33	6	5	6	0
135	34	1	4	4	1
135	35	4	2	2	1
135	36	5	1	1	1
135	37	6	4	4	1
135	38	1	2	2	1
135	39	6	3	3	1
135	40	4	5	5	1
135	41	3	4	4	1
135	42	2	3	3	1
135	43	3	5	5	1
135	44	1	3	1	0
135	45	6	2	2	1
136	1	2	4	2	0
136	2	1	6	1	0
136	3	3	5	3	0
136	4	1	2	1	0
136	5	3	6	3	0
136	6	6	4	6	0
136	7	5	6	6	1
136	8	2	3	3	1
136	9	5	2	2	1
136	10	4	5	5	1
136	11	5	1	1	1
136	12	2	6	6	1
136	13	1	4	1	0
136	14	4	3	3	1
136	15	3	1	1	1
136	16	1	4	1	0
136	17	2	6	6	1
136	18	5	1	1	1
136	19	3	6	3	0
136	20	6	1	1	1
136	21	4	6	6	1
136	22	5	2	2	1
136	23	4	5	5	1
136	24	2	3	3	1
136	25	1	2	1	0
136	26	3	5	3	0
136	27	4	3	3	1
136	28	2	4	2	0
136	29	3	1	3	0
136	30	5	6	6	1
136	31	3	5	3	0
136	32	5	4	5	0
136	33	2	6	6	1
136	34	5	2	5	0
136	35	6	5	6	0
136	36	3	6	3	0
136	37	5	1	1	1
136	38	1	2	1	0
136	39	4	3	3	1
136	40	6	1	1	1
136	41	4	6	6	1
136	42	3	1	3	0
136	43	1	4	1	0
136	44	4	2	2	1
136	45	2	3	3	1
137	1	2	4	4	1
137	2	1	6	1	0
137	3	3	5	3	0
137	4	2	3	3	1
137	5	4	6	4	0
137	6	1	2	1	0
137	7	2	6	6	1
137	8	4	5	4	0
137	9	5	1	1	1
137	10	1	3	3	1
137	11	3	4	3	0
137	12	2	5	5	1
137	13	1	4	4	1
137	14	5	6	6	1
137	15	6	3	6	0
137	16	1	2	1	0
137	17	4	5	4	0
137	18	1	3	1	0
137	19	3	5	3	0
137	20	2	6	6	1
137	21	6	4	4	1
137	22	4	1	4	0
137	23	5	6	6	1
137	24	2	3	3	1
137	25	1	6	6	1
137	26	2	4	4	1
137	27	6	3	3	1
137	29	2	5	5	1
137	30	5	1	1	1
137	31	3	5	3	0
137	32	5	1	1	1
137	33	1	2	1	0
137	34	4	1	4	0
137	35	2	5	5	1
137	36	6	3	6	0
137	37	3	4	4	1
137	38	5	6	6	1
137	39	6	1	1	1
137	40	2	4	4	1
137	41	1	3	1	0
137	42	6	4	6	0
137	43	4	5	4	0
137	44	2	6	6	1
137	45	3	2	3	0
138	1	4	5	5	1
138	2	1	3	3	1
138	3	2	6	6	1
138	4	6	1	1	1
138	5	5	6	5	0
138	6	1	4	1	0
138	7	3	5	5	1
138	8	4	6	6	1
138	9	1	2	1	0
138	10	3	6	3	0
138	11	2	3	3	1
138	12	5	2	5	0
138	14	1	5	5	1
138	15	3	4	3	0
138	16	5	2	5	0
138	17	1	3	1	0
138	18	2	6	6	1
138	19	1	2	1	0
138	20	4	5	5	1
138	21	1	4	1	0
138	22	6	1	6	0
138	23	2	4	2	0
138	24	5	6	5	0
138	25	1	5	5	1
138	26	2	3	3	1
138	27	3	5	3	0
138	28	4	3	3	1
138	29	6	4	6	0
138	30	3	6	3	0
138	31	4	3	3	1
138	32	6	4	6	0
138	33	4	2	2	1
138	34	2	5	5	1
138	35	3	2	3	0
138	36	6	3	3	1
138	37	1	6	1	0
138	38	6	2	6	0
138	39	5	6	5	0
138	40	1	3	3	1
138	41	5	1	5	0
138	42	1	2	1	0
138	43	4	1	1	1
138	44	5	4	5	0
138	45	3	5	3	0
139	1	5	6	5	0
139	2	1	2	1	0
139	3	3	4	3	0
139	4	1	3	1	0
139	5	2	6	6	1
139	6	4	2	2	1
139	7	2	3	3	1
139	8	1	4	1	0
139	9	4	5	5	1
139	10	6	4	6	0
139	11	1	5	1	0
139	12	5	3	3	1
139	14	6	3	3	1
139	15	2	5	5	1
139	16	6	3	3	1
139	17	4	2	2	1
139	18	2	6	6	1
139	19	1	2	1	0
139	20	3	4	3	0
139	21	5	3	3	1
139	22	1	4	1	0
139	23	4	6	6	1
139	24	6	5	6	0
139	25	2	3	3	1
139	26	3	1	1	1
139	27	1	5	1	0
139	28	5	2	5	0
139	29	1	6	1	0
139	30	4	5	5	1
139	31	6	4	6	0
139	32	4	2	2	1
139	33	6	5	6	0
139	34	3	4	3	0
139	35	2	6	6	1
139	36	5	3	3	1
139	37	1	5	1	0
139	38	2	1	1	1
139	39	1	4	1	0
139	40	2	3	3	1
139	41	4	5	5	1
139	42	3	1	1	1
139	44	6	3	3	1
139	45	1	6	1	0
140	1	2	5	2	0
140	2	1	4	4	1
140	3	3	6	3	0
140	4	2	4	2	0
140	5	1	6	1	0
140	6	3	5	3	0
140	7	4	6	4	0
140	8	5	4	4	1
140	9	1	3	1	0
140	10	3	4	4	1
140	11	2	6	2	0
140	12	6	5	6	0
140	13	2	3	2	0
140	14	1	2	1	0
140	15	5	1	1	1
140	17	4	2	4	0
140	18	6	4	4	1
140	19	3	6	3	0
140	20	5	1	1	1
140	21	1	6	1	0
140	22	5	4	4	1
140	23	2	6	2	0
140	24	6	5	6	0
140	25	5	2	2	1
140	26	1	3	1	0
140	27	3	5	3	0
140	28	4	3	4	0
140	29	1	2	1	0
140	30	1	4	4	1
140	31	1	4	4	1
140	32	4	2	4	0
140	33	2	1	1	1
140	34	6	2	2	1
140	35	1	6	1	0
140	36	5	4	4	1
140	37	4	6	4	0
140	38	6	5	6	0
140	39	5	3	3	1
140	40	3	6	3	0
140	41	5	2	2	1
140	42	2	3	2	0
140	43	5	1	1	1
140	44	1	3	1	0
141	1	2	4	2	0
141	2	1	3	3	1
141	3	5	6	6	1
141	4	2	3	2	0
141	5	6	2	2	1
141	7	6	1	1	1
141	8	4	5	4	0
141	9	3	4	4	1
141	10	6	3	3	1
141	11	2	5	2	0
141	12	5	3	3	1
141	13	4	6	4	0
141	14	1	2	2	1
141	15	4	1	4	0
141	16	1	6	1	0
141	17	2	1	2	0
141	18	3	2	2	1
141	19	4	1	4	0
141	20	2	5	2	0
141	21	6	3	3	1
141	22	3	4	4	1
141	23	4	2	4	0
141	24	1	3	3	1
141	25	3	5	3	0
141	26	4	6	4	0
141	27	5	4	4	1
141	28	1	5	1	0
141	29	6	2	2	1
141	30	5	6	6	1
141	31	6	1	1	1
141	32	2	6	2	0
141	33	4	1	1	1
141	34	6	4	4	1
141	35	5	6	6	1
141	36	3	5	3	0
141	37	6	3	3	1
141	38	1	5	1	0
141	39	3	2	2	1
141	40	2	1	2	0
141	41	3	4	4	1
141	42	2	5	2	0
141	43	5	4	4	1
141	44	4	2	2	1
141	45	1	3	3	1
142	1	4	5	5	1
142	2	1	2	1	0
142	3	3	6	3	0
142	4	2	5	5	1
142	5	5	1	5	0
142	6	2	3	3	1
142	7	1	6	1	0
142	8	2	4	4	1
142	9	4	3	4	0
142	10	3	5	5	1
142	11	4	6	4	0
142	12	1	4	4	1
142	13	3	1	1	1
142	14	2	6	6	1
142	15	6	5	5	1
142	16	4	6	4	0
142	17	3	1	1	1
142	18	2	6	6	1
142	19	4	2	4	0
142	20	1	4	1	0
142	21	4	5	5	1
142	22	5	6	5	0
142	23	3	5	5	1
142	24	4	3	3	1
142	25	1	2	1	0
142	26	3	6	3	0
142	27	2	5	5	1
142	28	3	2	3	0
142	29	1	6	1	0
142	30	5	1	5	0
142	31	1	3	1	0
142	32	2	6	6	1
142	33	4	2	4	0
142	34	2	5	5	1
142	35	5	1	5	0
142	36	4	5	5	1
142	37	1	2	1	0
142	38	5	6	5	0
142	40	3	6	6	1
142	41	6	4	6	0
142	42	3	5	5	1
142	43	4	3	3	1
142	44	1	6	1	0
142	45	3	2	3	0
143	1	3	6	3	0
143	2	1	5	5	1
143	3	2	4	4	1
143	4	5	2	5	0
143	5	2	6	6	1
143	6	4	5	5	1
143	7	1	6	6	1
143	8	3	1	1	1
143	9	4	6	6	1
143	10	2	3	2	0
143	11	1	2	2	1
143	12	3	4	3	0
143	13	5	3	3	1
143	14	1	4	1	0
143	15	5	6	5	0
143	16	6	4	6	0
143	17	5	6	5	0
143	18	6	1	1	1
143	19	4	5	5	1
143	20	5	2	5	0
143	21	1	5	1	0
143	22	2	4	2	0
143	23	3	2	3	0
143	24	1	3	1	0
143	25	3	5	3	0
143	26	6	3	3	1
143	27	3	4	3	0
143	28	2	6	2	0
143	29	1	4	1	0
143	30	2	1	2	0
143	31	6	3	3	1
143	32	2	4	2	0
143	33	5	2	2	1
143	34	1	3	3	1
143	35	2	6	2	0
143	36	6	5	5	1
143	37	5	3	3	1
143	38	1	4	1	0
143	39	2	1	1	1
143	40	1	6	1	0
143	41	3	2	3	0
143	42	6	4	6	0
143	43	1	5	1	0
143	44	5	4	5	0
143	45	4	3	3	1
144	1	2	3	3	1
144	2	1	4	4	1
144	3	5	6	5	0
144	4	1	5	5	1
144	5	4	6	4	0
144	6	1	2	2	1
144	7	2	4	4	1
144	8	4	3	4	0
144	9	3	6	3	0
144	10	4	5	5	1
144	11	1	6	1	0
144	12	2	5	2	0
144	13	5	3	5	0
144	14	3	1	1	1
144	15	2	6	2	0
144	16	6	1	1	1
144	18	5	1	5	0
144	19	2	4	4	1
144	20	3	2	2	1
144	21	1	4	4	1
144	22	5	3	5	0
144	23	4	5	5	1
144	24	3	6	3	0
144	25	4	3	4	0
144	26	1	2	2	1
144	27	3	1	1	1
144	28	5	6	5	0
144	29	6	2	2	1
144	30	4	6	4	0
144	31	1	4	4	1
144	32	4	2	4	0
144	33	5	3	5	0
144	34	3	6	3	0
144	35	6	2	2	1
144	36	4	6	4	0
144	37	3	4	4	1
144	38	5	6	5	0
144	39	3	2	2	1
144	40	2	5	5	1
144	41	5	1	5	0
144	42	1	2	2	1
144	43	4	5	5	1
144	44	3	1	1	1
144	45	1	6	1	0
145	1	2	4	4	1
145	2	1	6	1	0
145	3	3	5	5	1
145	4	4	6	4	0
145	5	5	4	4	1
145	6	4	1	4	0
145	7	5	6	5	0
145	8	6	2	6	0
145	9	1	3	1	0
145	10	2	1	1	1
145	11	1	5	5	1
145	12	2	3	3	1
145	13	3	4	4	1
145	14	2	5	5	1
145	15	3	6	3	0
145	16	4	3	4	0
145	17	3	5	5	1
145	18	2	3	3	1
145	19	3	6	3	0
145	20	6	4	4	1
145	21	1	5	5	1
145	22	4	1	4	0
145	23	5	6	6	1
145	24	2	5	5	1
145	25	5	4	4	1
145	26	1	6	1	0
145	27	2	1	1	1
145	28	1	3	1	0
145	29	2	4	4	1
145	30	6	2	6	0
145	32	2	4	4	1
145	33	1	2	1	0
145	34	4	1	4	0
145	35	3	6	3	0
145	37	4	3	4	0
145	38	3	1	3	0
145	39	6	4	4	1
145	40	1	5	1	0
145	41	5	3	3	1
145	42	2	5	5	1
145	43	3	2	3	0
145	44	5	4	4	1
146	1	2	6	6	1
146	2	1	5	1	0
146	3	3	4	3	0
146	4	1	3	1	0
146	5	2	5	2	0
146	6	4	2	2	1
146	7	1	6	1	0
146	8	4	5	4	0
146	9	2	3	3	1
146	10	4	6	6	1
146	11	6	5	6	0
146	12	1	2	1	0
146	13	3	5	3	0
146	14	6	3	3	1
146	15	1	4	1	0
146	16	4	6	6	1
146	17	3	4	3	0
146	18	1	6	1	0
146	19	6	5	6	0
146	20	5	4	5	0
146	21	1	5	1	0
146	22	6	3	3	1
146	23	3	1	1	1
146	24	1	4	1	0
146	25	2	3	3	1
146	26	6	2	6	0
146	27	2	4	2	0
146	28	3	5	3	0
146	29	5	2	2	1
146	30	2	1	1	1
146	31	3	2	3	0
146	32	4	6	6	1
146	33	1	5	1	0
146	34	5	6	6	1
146	35	2	1	1	1
146	36	1	4	1	0
146	37	3	1	1	1
146	38	4	3	3	1
146	39	3	5	3	0
146	40	6	2	6	0
146	41	5	4	5	0
146	42	1	6	1	0
146	43	2	4	2	0
146	44	6	3	3	1
146	45	5	2	5	0
147	1	3	5	5	1
147	2	1	6	1	0
147	3	2	4	4	1
147	4	1	2	1	0
147	5	3	6	6	1
147	6	6	2	6	0
147	7	1	5	1	0
147	8	5	6	6	1
147	9	1	3	1	0
147	10	3	2	3	0
147	11	4	5	4	0
147	12	5	2	2	1
147	13	3	4	4	1
147	14	4	1	1	1
147	15	6	4	4	1
147	16	1	3	1	0
147	17	5	1	1	1
147	18	1	2	1	0
147	19	3	4	4	1
147	20	2	3	3	1
147	21	4	1	1	1
147	22	3	6	6	1
147	23	6	4	6	0
147	24	4	5	4	0
147	25	6	2	6	0
147	26	3	5	3	0
147	27	2	4	4	1
147	28	5	6	6	1
147	29	2	5	2	0
147	30	1	6	1	0
147	31	2	3	3	1
147	32	1	6	1	0
147	33	4	1	1	1
147	34	3	5	3	0
147	35	5	6	6	1
147	36	2	5	2	0
147	37	5	1	1	1
147	38	1	3	1	0
147	39	3	6	3	0
147	40	6	4	6	0
147	41	2	6	6	1
147	42	3	4	3	0
147	43	4	2	2	1
147	44	5	4	4	1
147	45	1	2	1	0
148	1	2	5	5	1
148	2	1	4	4	1
148	3	3	6	6	1
148	4	1	2	1	0
148	5	3	5	5	1
148	6	4	3	4	0
148	7	2	6	6	1
148	8	6	1	6	0
148	9	2	3	2	0
148	10	1	5	5	1
148	11	5	6	6	1
148	12	1	3	1	0
148	13	4	5	4	0
148	16	5	4	4	1
148	17	6	1	1	1
148	18	2	6	6	1
148	19	3	5	5	1
148	20	6	3	6	0
148	21	5	6	6	1
148	22	1	3	1	0
148	23	4	2	4	0
148	24	2	3	3	1
148	25	1	4	1	0
148	26	4	3	4	0
148	27	1	5	1	0
148	29	6	4	4	1
148	30	2	5	5	1
148	31	1	4	1	0
148	32	4	3	4	0
148	33	6	1	1	1
148	34	4	6	4	0
148	35	2	3	2	0
148	36	5	2	2	1
148	37	1	3	1	0
148	38	5	4	4	1
148	39	3	5	3	0
148	40	2	1	1	1
148	41	6	3	6	0
148	42	1	5	1	0
148	43	4	2	4	0
148	44	5	6	6	1
148	45	6	2	6	0
149	1	2	5	2	0
149	2	1	3	3	1
149	3	4	6	6	1
149	4	5	4	5	0
149	5	4	2	2	1
149	6	1	6	1	0
149	7	2	3	3	1
149	8	1	2	1	0
149	9	5	6	6	1
149	10	6	2	2	1
149	11	3	4	3	0
149	12	1	5	1	0
149	13	4	1	1	1
149	14	3	6	3	0
149	15	5	3	3	1
149	16	4	2	2	1
149	17	5	3	3	1
149	18	4	1	1	1
149	19	1	5	1	0
149	20	5	6	5	0
149	21	4	5	5	1
149	22	2	3	3	1
149	23	6	2	2	1
149	24	2	5	5	1
149	25	4	6	6	1
149	26	1	3	3	1
149	27	3	4	3	0
149	28	1	2	1	0
149	29	3	6	3	0
149	30	6	1	1	1
149	31	1	5	1	0
149	32	4	6	6	1
149	33	2	5	5	1
149	34	1	3	3	1
149	35	3	6	3	0
149	36	6	5	5	1
149	37	4	2	2	1
149	38	2	3	3	1
149	39	6	2	2	1
149	40	5	3	3	1
149	41	4	5	5	1
149	42	6	1	1	1
149	43	1	4	1	0
149	44	2	1	1	1
149	45	3	4	3	0
150	1	3	6	3	0
150	2	1	2	1	0
150	3	4	5	5	1
150	4	3	4	3	0
150	5	1	6	1	0
150	7	2	6	2	0
150	8	1	4	1	0
150	9	3	1	3	0
150	10	5	6	6	1
150	11	2	5	2	0
150	12	5	3	3	1
150	13	1	5	1	0
150	14	2	4	2	0
150	15	3	2	3	0
150	16	1	5	1	0
150	17	5	2	2	1
150	18	1	6	1	0
150	19	4	5	4	0
150	20	6	4	6	0
150	21	2	6	2	0
150	22	1	4	1	0
150	23	3	6	3	0
150	24	5	3	3	1
150	25	3	2	3	0
150	26	2	1	1	1
150	27	4	2	2	1
150	28	5	6	6	1
150	29	3	4	3	0
150	30	1	3	3	1
150	31	3	4	3	0
150	32	2	1	1	1
150	33	1	4	1	0
150	34	5	2	5	0
150	35	3	5	3	0
150	36	1	3	3	1
150	37	2	6	2	0
150	38	4	2	4	0
150	39	1	6	1	0
150	40	3	2	3	0
150	41	1	5	1	0
150	42	6	4	6	0
150	43	5	6	5	0
150	44	4	5	4	0
150	45	3	6	3	0
151	1	4	6	6	1
151	2	1	2	1	0
151	3	3	5	3	0
151	4	5	6	5	0
151	5	4	5	5	1
151	6	3	4	3	0
151	7	1	5	1	0
151	8	2	4	2	0
151	9	5	2	5	0
151	10	3	6	3	0
151	11	2	3	3	1
151	12	1	6	1	0
151	14	2	6	2	0
151	15	1	4	1	0
151	16	4	2	2	1
151	17	6	4	6	0
151	18	5	2	5	0
151	19	3	1	1	1
151	20	1	4	1	0
151	21	2	6	6	1
151	22	3	2	3	0
151	23	1	6	1	0
151	24	2	1	1	1
151	25	3	4	3	0
151	26	5	3	5	0
151	27	1	5	5	1
151	28	5	4	5	0
151	29	6	5	5	1
151	30	6	3	3	1
151	31	6	3	3	1
151	32	1	6	1	0
151	33	5	2	5	0
151	34	6	4	6	0
151	35	4	3	3	1
151	36	3	5	5	1
151	37	2	1	1	1
151	38	1	5	1	0
151	39	3	2	3	0
151	40	2	6	6	1
151	41	1	4	1	0
151	42	6	5	5	1
151	43	5	4	5	0
151	44	4	2	2	1
151	45	3	1	3	0
152	1	4	5	5	1
152	2	1	3	1	0
152	3	2	6	6	1
152	4	4	2	2	1
152	5	1	6	1	0
152	6	6	3	3	1
152	8	3	5	3	0
152	9	5	2	5	0
152	10	2	3	3	1
152	11	1	4	1	0
152	12	2	1	1	1
152	13	4	6	6	1
152	14	1	5	1	0
152	15	3	4	3	0
152	16	4	1	1	1
152	17	2	4	2	0
152	18	6	3	3	1
152	19	1	6	1	0
152	20	3	1	3	0
152	21	4	6	6	1
152	22	6	5	5	1
152	23	5	4	5	0
152	24	2	3	3	1
152	25	3	5	3	0
152	26	4	3	3	1
152	27	5	2	5	0
152	28	2	1	1	1
152	29	6	2	6	0
152	30	5	1	1	1
152	31	5	1	1	1
152	32	4	6	6	1
152	33	1	4	1	0
152	34	6	5	5	1
152	35	2	1	1	1
152	36	3	2	3	0
152	37	2	4	2	0
152	38	1	6	1	0
152	39	6	3	3	1
152	40	5	2	5	0
152	41	3	1	3	0
152	42	5	3	3	1
152	43	4	5	5	1
152	44	6	2	2	1
152	45	4	3	3	1
153	1	4	6	4	0
153	2	1	5	5	1
153	3	2	3	3	1
153	4	6	2	2	1
153	5	3	4	3	0
153	6	2	5	5	1
153	7	5	6	5	0
153	8	1	3	3	1
153	9	3	6	3	0
153	10	1	2	1	0
153	11	4	5	5	1
153	12	2	4	2	0
153	13	1	6	1	0
153	15	3	5	3	0
153	16	4	1	4	0
153	17	5	4	5	0
153	18	3	6	3	0
153	19	2	5	2	0
153	20	4	2	2	1
153	21	3	4	3	0
153	22	1	3	1	0
153	23	5	1	1	1
153	24	3	5	3	0
153	25	1	6	1	0
153	26	6	2	2	1
153	27	2	3	2	0
153	28	1	2	2	1
153	29	4	6	4	0
153	30	6	5	5	1
153	31	3	4	4	1
153	32	4	2	2	1
153	33	2	5	2	0
153	34	5	3	3	1
153	35	4	5	4	0
153	36	1	2	2	1
153	37	2	6	2	0
153	38	6	4	4	1
153	39	5	6	5	0
153	40	2	3	2	0
153	41	3	1	1	1
153	42	1	6	1	0
153	43	5	1	1	1
153	44	1	4	1	0
153	45	3	6	6	1
